-7.9 5.5 0.05 0.15 0.15 0.08 5.56 1
8.2 -4.8 0.05 0.15 0.15 0.08 5.56 1
-4.1 2.1 0.05 0.15 0.15 0.08 5.56 1
9.2 -0.8 0.05 0.15 0.15 0.08 5.56 1
-3.3 -5.4 0.05 0.15 0.15 0.08 5.56 1
-5.3 5.2 0.05 0.15 0.15 0.08 5.56 1
-0.9 0.2 0.05 0.15 0.15 0.08 5.56 1
-7.9 -4.5 0.05 0.15 0.15 0.08 5.56 1
-5.3 -5.6 0.05 0.15 0.15 0.08 5.56 1
-8.9 4.5 0.05 0.15 0.15 0.08 5.56 1
-2.4 8.5 0.05 0.15 0.15 0.08 5.56 1
5.7 1.3 0.05 0.15 0.15 0.08 5.56 1
-2.2 -4.6 0.05 0.15 0.15 0.08 5.56 1
7.3 2.9 0.05 0.15 0.15 0.08 5.56 1
-4.3 3.5 0.05 0.15 0.15 0.08 5.56 1
-3.5 -7.4 0.05 0.15 0.15 0.08 5.56 1
-5.9 9.5 0.05 0.15 0.15 0.08 5.56 1
-8.5 -4.0 0.05 0.15 0.15 0.08 5.56 1
7.5 -0.7 0.05 0.15 0.15 0.08 5.56 1
-2.8 6.6 0.05 0.15 0.15 0.08 5.56 1
6.1 -5.1 0.05 0.15 0.15 0.08 5.56 1
5.0 -1.7 0.05 0.15 0.15 0.08 5.56 1
7.0 9.0 0.05 0.15 0.15 0.08 5.56 1
4.4 -6.6 0.05 0.15 0.15 0.08 5.56 1
4.4 8.4 0.05 0.15 0.15 0.08 5.56 1
4.6 -1.0 0.05 0.15 0.15 0.08 5.56 1
-8.8 -6.1 0.05 0.15 0.15 0.08 5.56 1
4.1 -0.3 0.05 0.15 0.15 0.08 5.56 1
2.4 -1.8 0.05 0.15 0.15 0.08 5.56 1
7.2 -2.9 0.05 0.15 0.15 0.08 5.56 1
-8.3 -2.5 0.05 0.5 0.5 0.08 1.2 2
1.4 -0.4 0.05 0.5 0.5 0.08 1.2 2
-2.8 1.9 0.05 0.5 0.5 0.08 1.2 2
-1.8 5.9 0.05 0.5 0.5 0.08 1.2 2
8.1 8.7 0.05 0.5 0.5 0.08 1.2 2
1.1 1.1 0.05 0.8 0.8 0.08 1.4 3
-6.0 6.7 0.05 0.8 0.8 0.08 1.4 3
3.2 7.9 0.05 0.8 0.8 0.08 1.4 3
-0.9 8.2 0.05 0.8 0.8 0.08 1.4 3
2.6 3.0 0.05 0.8 0.8 0.08 1.4 3
8.6 -3.3 0.05 1 1 0.08 1.6 4
5.6 8.0 0.05 1 1 0.08 1.6 4
-6.9 2.7 0.05 1 1 0.08 1.6 4
8.8 7.5 0.05 1 1 0.08 1.6 4
-4.7 -7.4 0.05 1 1 0.08 1.6 4
-9.0 6.8 0.05 1.2 1.2 0.08 1.8 5
2.0 5.5 0.05 1.2 1.2 0.08 1.8 5
-0.3 -4.4 0.05 1.2 1.2 0.08 1.8 5
-6.6 5.4 0.05 1.2 1.2 0.08 1.8 5
-3.8 8.7 0.05 1.2 1.2 0.08 1.8 5