0.6 -6.2 0.05 0.1 0.1 0.08 1.4 1
0.5 4.9 0.05 0.1 0.1 0.08 1.4 1
6.1 -5.9 0.05 0.1 0.1 0.08 1.4 1
-8.6 6.9 0.05 0.1 0.1 0.08 1.4 1
7.4 3.9 0.05 0.1 0.1 0.08 1.4 1
4.5 -6.4 0.05 0.1 0.1 0.08 1.4 1
0.1 -4.6 0.05 0.1 0.1 0.08 1.4 1
-4.2 -7.2 0.05 0.1 0.1 0.08 1.4 1
-5.0 3.5 0.05 0.1 0.1 0.08 1.4 1
8.3 6.6 0.05 0.1 0.1 0.08 1.4 1
9.0 -3.7 0.05 0.1 0.1 0.08 1.4 1
6.9 -4.4 0.05 0.1 0.1 0.08 1.4 1
-7.7 -5.9 0.05 0.1 0.1 0.08 1.4 1
-0.8 -4.9 0.05 0.1 0.1 0.08 1.4 1
5.4 7.4 0.05 0.1 0.1 0.08 1.4 1
-7.7 2.6 0.05 0.1 0.1 0.08 1.4 1
-2.9 5.4 0.05 0.1 0.1 0.08 1.4 1
-1.8 -1.7 0.05 0.1 0.1 0.08 1.4 1
-4.3 5.0 0.05 0.1 0.1 0.08 1.4 1
-6.9 2.5 0.05 0.1 0.1 0.08 1.4 1
-2.7 1.2 0.05 0.1 0.1 0.08 1.4 1
-7.8 -5.2 0.05 0.1 0.1 0.08 1.4 1
5.0 -1.7 0.05 0.1 0.1 0.08 1.4 1
4.2 7.3 0.05 0.1 0.1 0.08 1.4 1
7.2 -5.3 0.05 0.1 0.1 0.08 1.4 1
-6.2 0.0 0.05 0.1 0.1 0.08 1.4 1
-7.3 -4.2 0.05 0.1 0.1 0.08 1.4 1
-5.0 2.5 0.05 0.1 0.1 0.08 1.4 1
-1.7 -0.1 0.05 0.1 0.1 0.08 1.4 1
-7.0 1.6 0.05 0.1 0.1 0.08 1.4 1
7.2 8.3 0.05 0.5 0.5 0.08 0.8 2
-4.3 6.2 0.05 0.5 0.5 0.08 0.8 2
-5.9 -3.0 0.05 0.5 0.5 0.08 0.8 2
-0.9 6.9 0.05 0.5 0.5 0.08 0.8 2
4.8 4.0 0.05 0.5 0.5 0.08 0.8 2
1.8 -2.2 0.05 0.8 0.8 0.08 1 3
4.3 0.2 0.05 0.8 0.8 0.08 1 3
8.9 -0.2 0.05 0.8 0.8 0.08 1 3
-0.9 9.4 0.05 0.8 0.8 0.08 1 3
-7.0 8.1 0.05 0.8 0.8 0.08 1 3
7.4 -6.9 0.05 1 1 0.08 1.2 4
-9.1 -2.1 0.05 1 1 0.08 1.2 4
3.3 -6.3 0.05 1 1 0.08 1.2 4
-8.1 1.1 0.05 1 1 0.08 1.2 4
-7.7 3.6 0.05 1 1 0.08 1.2 4
-0.6 1.4 0.05 1.2 1.2 0.08 1.4 5
0.3 2.7 0.05 1.2 1.2 0.08 1.4 5
-7.3 -2.3 0.05 1.2 1.2 0.08 1.4 5
-8.9 3.7 0.05 1.2 1.2 0.08 1.4 5
-8.3 8.5 0.05 1.2 1.2 0.08 1.4 5