8.4 8.3 0.05 0.08 0.08 0.08 0.002 1
0.3 -5.7 0.05 0.08 0.08 0.08 0.002 1
9.2 -2.6 0.05 0.08 0.08 0.08 0.002 1
-8.3 3.9 0.05 0.08 0.08 0.08 0.002 1
-5.7 -2.0 0.05 0.08 0.08 0.08 0.002 1
-6.8 5.6 0.05 0.08 0.08 0.08 0.002 1
-6.4 -6.9 0.05 0.08 0.08 0.08 0.002 1
-3.6 -3.5 0.05 0.08 0.08 0.08 0.002 1
2.2 -6.1 0.05 0.08 0.08 0.08 0.002 1
2.3 -3.0 0.05 0.08 0.08 0.08 0.002 1
7.9 1.1 0.05 0.08 0.08 0.08 0.002 1
-5.5 8.4 0.05 0.08 0.08 0.08 0.002 1
-5.9 -3.6 0.05 0.08 0.08 0.08 0.002 1
-5.2 -4.5 0.05 0.08 0.08 0.08 0.002 1
-8.8 5.2 0.05 0.08 0.08 0.08 0.002 1
3.5 7.8 0.05 0.08 0.08 0.08 0.002 1
-7.6 -3.5 0.05 0.08 0.08 0.08 0.002 1
-0.8 -3.5 0.05 0.08 0.08 0.08 0.002 1
-2.0 -4.4 0.05 0.08 0.08 0.08 0.002 1
-6.8 -2.1 0.05 0.08 0.08 0.08 0.002 1
2.6 7.6 0.05 0.08 0.08 0.08 0.002 1
8.6 -1.1 0.05 0.08 0.08 0.08 0.002 1
3.9 6.6 0.05 0.08 0.08 0.08 0.002 1
2.2 4.8 0.05 0.08 0.08 0.08 0.002 1
6.3 -3.7 0.05 0.08 0.08 0.08 0.002 1
-9.0 1.2 0.05 0.08 0.08 0.08 0.002 1
0.2 8.5 0.05 0.08 0.08 0.08 0.002 1
5.6 -0.6 0.05 0.08 0.08 0.08 0.002 1
7.2 -6.8 0.05 0.08 0.08 0.08 0.002 1
6.6 4.2 0.05 0.08 0.08 0.08 0.002 1
9.1 -7.4 0.05 0.5 0.5 0.08 0.8 2
0.9 -0.9 0.05 0.5 0.5 0.08 0.8 2
5.6 7.4 0.05 0.5 0.5 0.08 0.8 2
6.9 5.8 0.05 0.5 0.5 0.08 0.8 2
-8.0 8.1 0.05 0.5 0.5 0.08 0.8 2
-5.7 6.7 0.05 0.8 0.8 0.08 1 3
-2.5 4.2 0.05 0.8 0.8 0.08 1 3
5.0 1.2 0.05 0.8 0.8 0.08 1 3
4.9 5.5 0.05 0.8 0.8 0.08 1 3
-6.3 -5.0 0.05 0.8 0.8 0.08 1 3
-4.8 -6.2 0.05 1 1 0.08 1.2 4
-3.4 -4.5 0.05 1 1 0.08 1.2 4
-5.6 -0.3 0.05 1 1 0.08 1.2 4
-0.7 6.5 0.05 1 1 0.08 1.2 4
6.7 0.1 0.05 1 1 0.08 1.2 4
-4.2 1.9 0.05 1.2 1.2 0.08 1.4 5
2.6 9.1 0.05 1.2 1.2 0.08 1.4 5
-4.3 8.5 0.05 1.2 1.2 0.08 1.4 5
2.3 -0.9 0.05 1.2 1.2 0.08 1.4 5
-4.6 3.6 0.05 1.2 1.2 0.08 1.4 5