5.5 5.5 0.05 0.1 0.1 0.08 1.4 1
-8.1 -0.7 0.05 0.1 0.1 0.08 1.4 1
5.6 3.8 0.05 0.1 0.1 0.08 1.4 1
9.4 1.7 0.05 0.1 0.1 0.08 1.4 1
-7.5 -2.0 0.05 0.1 0.1 0.08 1.4 1
3.1 1.5 0.05 0.1 0.1 0.08 1.4 1
1.5 9.0 0.05 0.1 0.1 0.08 1.4 1
-3.0 -1.8 0.05 0.1 0.1 0.08 1.4 1
0.2 2.6 0.05 0.1 0.1 0.08 1.4 1
8.2 -2.2 0.05 0.1 0.1 0.08 1.4 1
-3.2 1.6 0.05 0.1 0.1 0.08 1.4 1
1.3 6.7 0.05 0.1 0.1 0.08 1.4 1
-8.8 -2.3 0.05 0.1 0.1 0.08 1.4 1
1.0 -1.7 0.05 0.1 0.1 0.08 1.4 1
9.1 9.2 0.05 0.1 0.1 0.08 1.4 1
3.8 0.3 0.05 0.1 0.1 0.08 1.4 1
-1.9 1.7 0.05 0.1 0.1 0.08 1.4 1
4.6 3.6 0.05 0.1 0.1 0.08 1.4 1
-5.9 -0.8 0.05 0.1 0.1 0.08 1.4 1
3.7 8.6 0.05 0.1 0.1 0.08 1.4 1
8.2 1.1 0.05 0.1 0.1 0.08 1.4 1
2.9 -0.7 0.05 0.1 0.1 0.08 1.4 1
-1.3 -4.2 0.05 0.1 0.1 0.08 1.4 1
0.6 9.0 0.05 0.1 0.1 0.08 1.4 1
-6.4 -2.4 0.05 0.1 0.1 0.08 1.4 1
-8.7 2.6 0.05 0.1 0.1 0.08 1.4 1
8.7 5.8 0.05 0.1 0.1 0.08 1.4 1
-5.1 -2.7 0.05 0.1 0.1 0.08 1.4 1
0.1 0.4 0.05 0.1 0.1 0.08 1.4 1
-3.1 3.8 0.05 0.1 0.1 0.08 1.4 1
9.4 0.4 0.05 0.5 0.5 0.08 0.8 2
-6.9 4.2 0.05 0.5 0.5 0.08 0.8 2
8.8 -4.3 0.05 0.5 0.5 0.08 0.8 2
7.0 3.3 0.05 0.5 0.5 0.08 0.8 2
1.3 5.7 0.05 0.5 0.5 0.08 0.8 2
-6.4 -4.6 0.05 0.8 0.8 0.08 1 3
-3.4 0.1 0.05 0.8 0.8 0.08 1 3
-5.5 2.1 0.05 0.8 0.8 0.08 1 3
-0.8 3.2 0.05 0.8 0.8 0.08 1 3
-9.4 6.5 0.05 0.8 0.8 0.08 1 3
-8.4 -7.2 0.05 1 1 0.08 1.2 4
-6.0 -7.5 0.05 1 1 0.08 1.2 4
1.2 1.4 0.05 1 1 0.08 1.2 4
6.4 7.5 0.05 1 1 0.08 1.2 4
5.1 7.9 0.05 1 1 0.08 1.2 4
2.5 3.7 0.05 1.2 1.2 0.08 1.4 5
9.2 7.9 0.05 1.2 1.2 0.08 1.4 5
7.4 5.5 0.05 1.2 1.2 0.08 1.4 5
8.6 3.4 0.05 1.2 1.2 0.08 1.4 5
1.7 -4.1 0.05 1.2 1.2 0.08 1.4 5