4.1 1.5 0.05 0.1 0.1 0.08 1.4 1
6.9 9.0 0.05 0.1 0.1 0.08 1.4 1
-0.5 8.4 0.05 0.1 0.1 0.08 1.4 1
-7.5 0.8 0.05 0.1 0.1 0.08 1.4 1
6.9 -1.2 0.05 0.1 0.1 0.08 1.4 1
3.6 9.0 0.05 0.1 0.1 0.08 1.4 1
-0.2 4.9 0.05 0.1 0.1 0.08 1.4 1
-9.2 6.2 0.05 0.1 0.1 0.08 1.4 1
-6.7 -1.7 0.05 0.1 0.1 0.08 1.4 1
1.8 0.6 0.05 0.1 0.1 0.08 1.4 1
-6.8 -5.4 0.05 0.1 0.1 0.08 1.4 1
8.0 -5.5 0.05 0.1 0.1 0.08 1.4 1
6.7 -0.2 0.05 0.1 0.1 0.08 1.4 1
-5.2 5.8 0.05 0.1 0.1 0.08 1.4 1
1.9 -5.5 0.05 0.1 0.1 0.08 1.4 1
7.4 4.5 0.05 0.1 0.1 0.08 1.4 1
1.1 -0.2 0.05 0.1 0.1 0.08 1.4 1
9.1 -3.6 0.05 0.1 0.1 0.08 1.4 1
8.5 2.5 0.05 0.1 0.1 0.08 1.4 1
-2.0 -7.4 0.05 0.1 0.1 0.08 1.4 1
8.9 9.5 0.05 0.1 0.1 0.08 1.4 1
-0.4 -0.3 0.05 0.1 0.1 0.08 1.4 1
5.0 7.5 0.05 0.1 0.1 0.08 1.4 1
-5.1 4.1 0.05 0.1 0.1 0.08 1.4 1
6.4 -1.8 0.05 0.1 0.1 0.08 1.4 1
-6.6 4.7 0.05 0.1 0.1 0.08 1.4 1
4.6 4.6 0.05 0.1 0.1 0.08 1.4 1
-6.0 2.3 0.05 0.1 0.1 0.08 1.4 1
-4.7 1.5 0.05 0.1 0.1 0.08 1.4 1
4.2 0.9 0.05 0.1 0.1 0.08 1.4 1
-5.1 9.4 0.05 0.5 0.5 0.08 0.8 2
-3.5 0.9 0.05 0.5 0.5 0.08 0.8 2
-6.2 -2.5 0.05 0.5 0.5 0.08 0.8 2
-6.2 -0.5 0.05 0.5 0.5 0.08 0.8 2
-2.8 5.6 0.05 0.5 0.5 0.08 0.8 2
-8.9 -5.1 0.05 0.8 0.8 0.08 1 3
-3.0 2.8 0.05 0.8 0.8 0.08 1 3
-2.5 4.4 0.05 0.8 0.8 0.08 1 3
-1.8 2.4 0.05 0.8 0.8 0.08 1 3
-0.9 -3.7 0.05 0.8 0.8 0.08 1 3
-9.5 7.6 0.05 1 1 0.08 1.2 4
8.7 5.1 0.05 1 1 0.08 1.2 4
9.2 -6.8 0.05 1 1 0.08 1.2 4
-8.6 -7.2 0.05 1 1 0.08 1.2 4
2.5 4.8 0.05 1 1 0.08 1.2 4
-4.4 7.8 0.05 1.2 1.2 0.08 1.4 5
0.9 4.8 0.05 1.2 1.2 0.08 1.4 5
7.0 7.8 0.05 1.2 1.2 0.08 1.4 5
2.2 6.5 0.05 1.2 1.2 0.08 1.4 5
-0.1 -1.6 0.05 1.2 1.2 0.08 1.4 5