1.1 6.0 0.05 0.08 0.08 0.08 0.4 1
-5.7 2.4 0.05 0.08 0.08 0.08 0.4 1
-4.1 6.4 0.05 0.08 0.08 0.08 0.4 1
4.4 -4.4 0.05 0.08 0.08 0.08 0.4 1
-4.8 -5.7 0.05 0.08 0.08 0.08 0.4 1
-8.4 -6.0 0.05 0.08 0.08 0.08 0.4 1
-4.8 -2.7 0.05 0.08 0.08 0.08 0.4 1
-3.0 -6.3 0.05 0.08 0.08 0.08 0.4 1
6.0 -0.6 0.05 0.08 0.08 0.08 0.4 1
9.4 2.9 0.05 0.08 0.08 0.08 0.4 1
-3.0 7.7 0.05 0.08 0.08 0.08 0.4 1
-5.9 1.7 0.05 0.08 0.08 0.08 0.4 1
-7.0 -5.1 0.05 0.08 0.08 0.08 0.4 1
4.6 8.6 0.05 0.08 0.08 0.08 0.4 1
5.7 3.0 0.05 0.08 0.08 0.08 0.4 1
4.2 6.3 0.05 0.08 0.08 0.08 0.4 1
6.6 8.5 0.05 0.08 0.08 0.08 0.4 1
-5.2 -4.9 0.05 0.08 0.08 0.08 0.4 1
8.4 3.6 0.05 0.08 0.08 0.08 0.4 1
-4.3 3.6 0.05 0.08 0.08 0.08 0.4 1
0.4 7.7 0.05 0.08 0.08 0.08 0.4 1
-6.0 -2.2 0.05 0.08 0.08 0.08 0.4 1
-8.3 -4.2 0.05 0.08 0.08 0.08 0.4 1
0.9 1.8 0.05 0.08 0.08 0.08 0.4 1
-3.6 -4.3 0.05 0.08 0.08 0.08 0.4 1
-8.4 6.0 0.05 0.08 0.08 0.08 0.4 1
7.0 -2.1 0.05 0.08 0.08 0.08 0.4 1
-7.4 -0.3 0.05 0.08 0.08 0.08 0.4 1
-8.7 -3.1 0.05 0.08 0.08 0.08 0.4 1
-5.6 3.6 0.05 0.08 0.08 0.08 0.4 1
2.5 2.4 0.05 0.5 0.5 0.08 0.8 2
-3.8 -1.6 0.05 0.5 0.5 0.08 0.8 2
5.4 -2.1 0.05 0.5 0.5 0.08 0.8 2
4.8 7.7 0.05 0.5 0.5 0.08 0.8 2
2.4 3.4 0.05 0.5 0.5 0.08 0.8 2
-7.6 7.4 0.05 0.8 0.8 0.08 1 3
-1.7 -6.7 0.05 0.8 0.8 0.08 1 3
2.8 -0.5 0.05 0.8 0.8 0.08 1 3
0.1 5.4 0.05 0.8 0.8 0.08 1 3
-3.3 1.8 0.05 0.8 0.8 0.08 1 3
1.8 -4.7 0.05 1 1 0.08 1.2 4
3.6 2.2 0.05 1 1 0.08 1.2 4
0.0 -6.7 0.05 1 1 0.08 1.2 4
-0.9 0.8 0.05 1 1 0.08 1.2 4
7.1 5.0 0.05 1 1 0.08 1.2 4
2.9 5.0 0.05 1.2 1.2 0.08 1.4 5
-5.3 8.0 0.05 1.2 1.2 0.08 1.4 5
6.9 -4.3 0.05 1.2 1.2 0.08 1.4 5
-2.2 6.0 0.05 1.2 1.2 0.08 1.4 5
-6.4 5.6 0.05 1.2 1.2 0.08 1.4 5