3.3 0.3 0.05 0.08 0.08 0.08 0.002 1
-0.0 -3.1 0.05 0.08 0.08 0.08 0.002 1
7.8 5.5 0.05 0.08 0.08 0.08 0.002 1
-3.5 0.8 0.05 0.08 0.08 0.08 0.002 1
-1.4 8.6 0.05 0.08 0.08 0.08 0.002 1
3.2 9.2 0.05 0.08 0.08 0.08 0.002 1
6.9 -1.5 0.05 0.08 0.08 0.08 0.002 1
8.3 9.0 0.05 0.08 0.08 0.08 0.002 1
-6.6 7.1 0.05 0.08 0.08 0.08 0.002 1
-6.9 9.1 0.05 0.08 0.08 0.08 0.002 1
2.7 1.0 0.05 0.08 0.08 0.08 0.002 1
-3.6 2.2 0.05 0.08 0.08 0.08 0.002 1
-2.6 1.3 0.05 0.08 0.08 0.08 0.002 1
-4.9 8.2 0.05 0.08 0.08 0.08 0.002 1
0.7 4.2 0.05 0.08 0.08 0.08 0.002 1
-3.9 -1.6 0.05 0.08 0.08 0.08 0.002 1
-7.2 -6.8 0.05 0.08 0.08 0.08 0.002 1
2.4 5.8 0.05 0.08 0.08 0.08 0.002 1
3.8 -6.5 0.05 0.08 0.08 0.08 0.002 1
-4.3 8.0 0.05 0.08 0.08 0.08 0.002 1
6.7 1.8 0.05 0.08 0.08 0.08 0.002 1
-0.0 3.5 0.05 0.08 0.08 0.08 0.002 1
6.3 -7.3 0.05 0.08 0.08 0.08 0.002 1
-5.2 7.6 0.05 0.08 0.08 0.08 0.002 1
-1.5 9.3 0.05 0.08 0.08 0.08 0.002 1
4.1 8.8 0.05 0.08 0.08 0.08 0.002 1
2.4 1.9 0.05 0.08 0.08 0.08 0.002 1
-0.8 -2.0 0.05 0.08 0.08 0.08 0.002 1
3.4 -3.5 0.05 0.08 0.08 0.08 0.002 1
3.0 -7.0 0.05 0.08 0.08 0.08 0.002 1
-9.0 -0.4 0.05 0.5 0.5 0.08 0.8 2
4.8 -1.8 0.05 0.5 0.5 0.08 0.8 2
8.5 -2.7 0.05 0.5 0.5 0.08 0.8 2
7.3 9.1 0.05 0.5 0.5 0.08 0.8 2
6.0 4.4 0.05 0.5 0.5 0.08 0.8 2
-7.8 1.4 0.05 0.8 0.8 0.08 1 3
5.6 8.1 0.05 0.8 0.8 0.08 1 3
-1.3 -4.7 0.05 0.8 0.8 0.08 1 3
6.2 -3.9 0.05 0.8 0.8 0.08 1 3
-0.1 6.6 0.05 0.8 0.8 0.08 1 3
-6.1 -3.0 0.05 1 1 0.08 1.2 4
-0.8 1.1 0.05 1 1 0.08 1.2 4
-4.6 9.5 0.05 1 1 0.08 1.2 4
6.0 5.6 0.05 1 1 0.08 1.2 4
-8.8 1.2 0.05 1 1 0.08 1.2 4
-2.2 -1.9 0.05 1.2 1.2 0.08 1.4 5
-2.1 3.4 0.05 1.2 1.2 0.08 1.4 5
-6.9 2.6 0.05 1.2 1.2 0.08 1.4 5
8.7 -4.0 0.05 1.2 1.2 0.08 1.4 5
-8.7 7.3 0.05 1.2 1.2 0.08 1.4 5