3.5 9.0 0.05 0.08 0.08 0.08 0.4 1
-4.2 7.7 0.05 0.08 0.08 0.08 0.4 1
-3.0 -4.0 0.05 0.08 0.08 0.08 0.4 1
7.3 -3.0 0.05 0.08 0.08 0.08 0.4 1
4.3 1.9 0.05 0.08 0.08 0.08 0.4 1
7.8 0.5 0.05 0.08 0.08 0.08 0.4 1
-3.7 -0.6 0.05 0.08 0.08 0.08 0.4 1
-2.8 7.6 0.05 0.08 0.08 0.08 0.4 1
-1.1 6.2 0.05 0.08 0.08 0.08 0.4 1
1.8 9.4 0.05 0.08 0.08 0.08 0.4 1
-4.7 5.0 0.05 0.08 0.08 0.08 0.4 1
7.8 -4.8 0.05 0.08 0.08 0.08 0.4 1
5.7 -0.7 0.05 0.08 0.08 0.08 0.4 1
-3.8 -3.0 0.05 0.08 0.08 0.08 0.4 1
0.9 0.9 0.05 0.08 0.08 0.08 0.4 1
4.0 6.3 0.05 0.08 0.08 0.08 0.4 1
-3.0 8.2 0.05 0.08 0.08 0.08 0.4 1
-7.1 6.3 0.05 0.08 0.08 0.08 0.4 1
5.2 -6.1 0.05 0.08 0.08 0.08 0.4 1
-4.7 -4.9 0.05 0.08 0.08 0.08 0.4 1
0.2 -2.9 0.05 0.08 0.08 0.08 0.4 1
0.1 5.1 0.05 0.08 0.08 0.08 0.4 1
6.6 -7.3 0.05 0.08 0.08 0.08 0.4 1
-0.7 -2.3 0.05 0.08 0.08 0.08 0.4 1
-5.8 -0.8 0.05 0.08 0.08 0.08 0.4 1
8.1 -0.2 0.05 0.08 0.08 0.08 0.4 1
-7.3 0.9 0.05 0.08 0.08 0.08 0.4 1
6.9 -1.4 0.05 0.08 0.08 0.08 0.4 1
-4.2 2.6 0.05 0.08 0.08 0.08 0.4 1
6.4 -2.1 0.05 0.08 0.08 0.08 0.4 1
-9.2 8.7 0.05 0.5 0.5 0.08 0.8 2
4.3 -4.1 0.05 0.5 0.5 0.08 0.8 2
-7.8 5.2 0.05 0.5 0.5 0.08 0.8 2
-8.0 6.8 0.05 0.5 0.5 0.08 0.8 2
1.5 -4.8 0.05 0.5 0.5 0.08 0.8 2
-9.0 -1.1 0.05 0.8 0.8 0.08 1 3
-6.1 4.5 0.05 0.8 0.8 0.08 1 3
8.0 8.3 0.05 0.8 0.8 0.08 1 3
-2.0 -6.3 0.05 0.8 0.8 0.08 1 3
-6.1 7.1 0.05 0.8 0.8 0.08 1 3
-2.6 5.6 0.05 1 1 0.08 1.2 4
9.0 -3.4 0.05 1 1 0.08 1.2 4
-4.0 3.7 0.05 1 1 0.08 1.2 4
-5.9 -3.7 0.05 1 1 0.08 1.2 4
1.4 7.9 0.05 1 1 0.08 1.2 4
3.2 -2.4 0.05 1.2 1.2 0.08 1.4 5
6.3 4.6 0.05 1.2 1.2 0.08 1.4 5
-3.4 1.2 0.05 1.2 1.2 0.08 1.4 5
5.2 8.5 0.05 1.2 1.2 0.08 1.4 5
-0.0 7.7 0.05 1.2 1.2 0.08 1.4 5