5.4 6.1 0.05 0.15 0.15 0.08 5.56 1
-2.1 9.4 0.05 0.15 0.15 0.08 5.56 1
2.4 -5.5 0.05 0.15 0.15 0.08 5.56 1
-4.8 -4.0 0.05 0.15 0.15 0.08 5.56 1
3.8 -4.0 0.05 0.15 0.15 0.08 5.56 1
-6.0 -5.1 0.05 0.15 0.15 0.08 5.56 1
-7.4 0.5 0.05 0.15 0.15 0.08 5.56 1
-1.0 3.9 0.05 0.15 0.15 0.08 5.56 1
5.6 -7.5 0.05 0.15 0.15 0.08 5.56 1
8.7 3.7 0.05 0.15 0.15 0.08 5.56 1
-3.6 -0.5 0.05 0.15 0.15 0.08 5.56 1
-6.6 -2.2 0.05 0.15 0.15 0.08 5.56 1
2.0 -6.8 0.05 0.15 0.15 0.08 5.56 1
8.0 -6.2 0.05 0.15 0.15 0.08 5.56 1
-2.8 -1.6 0.05 0.15 0.15 0.08 5.56 1
7.0 0.6 0.05 0.15 0.15 0.08 5.56 1
-8.6 4.5 0.05 0.15 0.15 0.08 5.56 1
-7.3 -3.3 0.05 0.15 0.15 0.08 5.56 1
9.3 3.5 0.05 0.15 0.15 0.08 5.56 1
1.4 0.7 0.05 0.15 0.15 0.08 5.56 1
-7.7 6.9 0.05 0.15 0.15 0.08 5.56 1
-4.2 -5.3 0.05 0.15 0.15 0.08 5.56 1
-8.7 3.9 0.05 0.15 0.15 0.08 5.56 1
-9.0 1.3 0.05 0.15 0.15 0.08 5.56 1
-2.8 5.9 0.05 0.15 0.15 0.08 5.56 1
-7.6 -4.1 0.05 0.15 0.15 0.08 5.56 1
8.0 7.3 0.05 0.15 0.15 0.08 5.56 1
2.1 -4.9 0.05 0.15 0.15 0.08 5.56 1
5.6 4.5 0.05 0.15 0.15 0.08 5.56 1
-5.3 3.7 0.05 0.15 0.15 0.08 5.56 1
8.3 9.4 0.05 0.5 0.5 0.08 1.2 2
2.9 -2.2 0.05 0.5 0.5 0.08 1.2 2
-7.8 1.5 0.05 0.5 0.5 0.08 1.2 2
1.6 7.1 0.05 0.5 0.5 0.08 1.2 2
3.2 -6.6 0.05 0.5 0.5 0.08 1.2 2
-1.8 -1.7 0.05 0.8 0.8 0.08 1.4 3
1.9 5.6 0.05 0.8 0.8 0.08 1.4 3
3.6 7.1 0.05 0.8 0.8 0.08 1.4 3
-1.1 1.2 0.05 0.8 0.8 0.08 1.4 3
4.2 -5.7 0.05 0.8 0.8 0.08 1.4 3
-2.0 4.3 0.05 1 1 0.08 1.6 4
2.4 9.1 0.05 1 1 0.08 1.6 4
0.6 -3.3 0.05 1 1 0.08 1.6 4
-5.3 5.7 0.05 1 1 0.08 1.6 4
5.4 -5.8 0.05 1 1 0.08 1.6 4
-3.9 4.6 0.05 1.2 1.2 0.08 1.8 5
-3.6 1.7 0.05 1.2 1.2 0.08 1.8 5
5.7 -1.7 0.05 1.2 1.2 0.08 1.8 5
-2.1 0.0 0.05 1.2 1.2 0.08 1.8 5
-1.8 7.7 0.05 1.2 1.2 0.08 1.8 5