7.7 -6.6 0.05 0.1 0.1 0.08 1.4 1
-0.9 2.1 0.05 0.1 0.1 0.08 1.4 1
3.2 0.1 0.05 0.1 0.1 0.08 1.4 1
2.8 3.8 0.05 0.1 0.1 0.08 1.4 1
-8.8 4.2 0.05 0.1 0.1 0.08 1.4 1
-7.0 6.3 0.05 0.1 0.1 0.08 1.4 1
6.3 -0.2 0.05 0.1 0.1 0.08 1.4 1
1.7 -5.7 0.05 0.1 0.1 0.08 1.4 1
5.4 5.7 0.05 0.1 0.1 0.08 1.4 1
5.6 2.3 0.05 0.1 0.1 0.08 1.4 1
0.4 -5.6 0.05 0.1 0.1 0.08 1.4 1
3.5 -5.1 0.05 0.1 0.1 0.08 1.4 1
4.0 7.6 0.05 0.1 0.1 0.08 1.4 1
2.2 -2.9 0.05 0.1 0.1 0.08 1.4 1
-6.0 2.0 0.05 0.1 0.1 0.08 1.4 1
0.4 -7.1 0.05 0.1 0.1 0.08 1.4 1
0.7 -3.2 0.05 0.1 0.1 0.08 1.4 1
-0.7 7.5 0.05 0.1 0.1 0.08 1.4 1
-9.2 -4.0 0.05 0.1 0.1 0.08 1.4 1
-7.7 2.0 0.05 0.1 0.1 0.08 1.4 1
5.1 1.0 0.05 0.1 0.1 0.08 1.4 1
-2.4 -6.4 0.05 0.1 0.1 0.08 1.4 1
-1.0 6.0 0.05 0.1 0.1 0.08 1.4 1
9.5 -0.5 0.05 0.1 0.1 0.08 1.4 1
1.8 -0.9 0.05 0.1 0.1 0.08 1.4 1
-2.0 0.7 0.05 0.1 0.1 0.08 1.4 1
-3.7 4.2 0.05 0.1 0.1 0.08 1.4 1
-0.5 -5.2 0.05 0.1 0.1 0.08 1.4 1
-3.4 7.6 0.05 0.1 0.1 0.08 1.4 1
-5.0 3.5 0.05 0.1 0.1 0.08 1.4 1
-1.7 -0.8 0.05 0.5 0.5 0.08 0.8 2
0.1 8.7 0.05 0.5 0.5 0.08 0.8 2
-6.1 6.1 0.05 0.5 0.5 0.08 0.8 2
-6.5 -3.5 0.05 0.5 0.5 0.08 0.8 2
-5.8 -0.2 0.05 0.5 0.5 0.08 0.8 2
-8.0 0.3 0.05 0.8 0.8 0.08 1 3
-8.4 -5.5 0.05 0.8 0.8 0.08 1 3
4.3 -7.3 0.05 0.8 0.8 0.08 1 3
8.1 0.7 0.05 0.8 0.8 0.08 1 3
0.9 0.6 0.05 0.8 0.8 0.08 1 3
-0.4 -3.7 0.05 1 1 0.08 1.2 4
0.4 3.3 0.05 1 1 0.08 1.2 4
-4.3 -4.2 0.05 1 1 0.08 1.2 4
9.0 7.0 0.05 1 1 0.08 1.2 4
6.9 7.1 0.05 1 1 0.08 1.2 4
7.4 -3.0 0.05 1.2 1.2 0.08 1.4 5
-7.3 -1.5 0.05 1.2 1.2 0.08 1.4 5
-4.1 5.6 0.05 1.2 1.2 0.08 1.4 5
-9.2 0.6 0.05 1.2 1.2 0.08 1.4 5
-9.1 2.6 0.05 1.2 1.2 0.08 1.4 5