-8.7 0.1 0.05 0.1 0.1 0.08 1.4 1
-1.3 -1.5 0.05 0.1 0.1 0.08 1.4 1
-5.6 -1.5 0.05 0.1 0.1 0.08 1.4 1
-8.1 -6.0 0.05 0.1 0.1 0.08 1.4 1
3.1 5.0 0.05 0.1 0.1 0.08 1.4 1
1.2 1.1 0.05 0.1 0.1 0.08 1.4 1
4.5 8.8 0.05 0.1 0.1 0.08 1.4 1
-0.1 -4.8 0.05 0.1 0.1 0.08 1.4 1
-6.5 4.7 0.05 0.1 0.1 0.08 1.4 1
-5.3 0.4 0.05 0.1 0.1 0.08 1.4 1
-6.1 0.7 0.05 0.1 0.1 0.08 1.4 1
6.4 1.9 0.05 0.1 0.1 0.08 1.4 1
-8.7 8.8 0.05 0.1 0.1 0.08 1.4 1
3.9 -3.1 0.05 0.1 0.1 0.08 1.4 1
8.0 0.7 0.05 0.1 0.1 0.08 1.4 1
-1.5 -0.3 0.05 0.1 0.1 0.08 1.4 1
-8.0 1.3 0.05 0.1 0.1 0.08 1.4 1
-0.7 7.0 0.05 0.1 0.1 0.08 1.4 1
-8.6 6.4 0.05 0.1 0.1 0.08 1.4 1
-1.2 -7.0 0.05 0.1 0.1 0.08 1.4 1
-5.5 -4.4 0.05 0.1 0.1 0.08 1.4 1
-7.2 -1.9 0.05 0.1 0.1 0.08 1.4 1
0.8 -6.4 0.05 0.1 0.1 0.08 1.4 1
1.0 6.7 0.05 0.1 0.1 0.08 1.4 1
-0.5 7.7 0.05 0.1 0.1 0.08 1.4 1
-5.2 -5.5 0.05 0.1 0.1 0.08 1.4 1
1.7 3.4 0.05 0.1 0.1 0.08 1.4 1
0.4 6.2 0.05 0.1 0.1 0.08 1.4 1
7.3 -6.2 0.05 0.1 0.1 0.08 1.4 1
2.1 0.3 0.05 0.1 0.1 0.08 1.4 1
-4.0 2.5 0.05 0.5 0.5 0.08 0.8 2
-7.7 4.4 0.05 0.5 0.5 0.08 0.8 2
8.7 7.7 0.05 0.5 0.5 0.08 0.8 2
-7.5 -3.2 0.05 0.5 0.5 0.08 0.8 2
5.0 5.5 0.05 0.5 0.5 0.08 0.8 2
1.3 -3.6 0.05 0.8 0.8 0.08 1 3
2.9 -0.8 0.05 0.8 0.8 0.08 1 3
3.6 -4.2 0.05 0.8 0.8 0.08 1 3
-6.0 6.4 0.05 0.8 0.8 0.08 1 3
-3.1 -1.1 0.05 0.8 0.8 0.08 1 3
5.0 2.3 0.05 1 1 0.08 1.2 4
0.7 4.7 0.05 1 1 0.08 1.2 4
-8.6 -2.1 0.05 1 1 0.08 1.2 4
-9.1 2.2 0.05 1 1 0.08 1.2 4
-3.2 0.5 0.05 1 1 0.08 1.2 4
0.5 8.8 0.05 1.2 1.2 0.08 1.4 5
6.8 8.3 0.05 1.2 1.2 0.08 1.4 5
5.8 -0.7 0.05 1.2 1.2 0.08 1.4 5
6.6 5.1 0.05 1.2 1.2 0.08 1.4 5
9.2 4.6 0.05 1.2 1.2 0.08 1.4 5