-3.8 -5.9 0.05 0.08 0.08 0.08 0.4 1
7.2 -5.2 0.05 0.08 0.08 0.08 0.4 1
-3.6 5.0 0.05 0.08 0.08 0.08 0.4 1
5.4 5.6 0.05 0.08 0.08 0.08 0.4 1
9.2 -2.2 0.05 0.08 0.08 0.08 0.4 1
7.7 -4.3 0.05 0.08 0.08 0.08 0.4 1
-8.6 0.9 0.05 0.08 0.08 0.08 0.4 1
-8.1 -0.1 0.05 0.08 0.08 0.08 0.4 1
9.1 6.5 0.05 0.08 0.08 0.08 0.4 1
-1.6 2.0 0.05 0.08 0.08 0.08 0.4 1
4.0 2.7 0.05 0.08 0.08 0.08 0.4 1
7.4 4.2 0.05 0.08 0.08 0.08 0.4 1
6.4 6.0 0.05 0.08 0.08 0.08 0.4 1
1.6 4.6 0.05 0.08 0.08 0.08 0.4 1
4.1 -4.9 0.05 0.08 0.08 0.08 0.4 1
9.2 -5.6 0.05 0.08 0.08 0.08 0.4 1
8.4 1.2 0.05 0.08 0.08 0.08 0.4 1
-6.2 -7.4 0.05 0.08 0.08 0.08 0.4 1
-3.9 -3.6 0.05 0.08 0.08 0.08 0.4 1
7.8 -6.4 0.05 0.08 0.08 0.08 0.4 1
8.4 -7.5 0.05 0.08 0.08 0.08 0.4 1
-7.4 8.8 0.05 0.08 0.08 0.08 0.4 1
-0.7 -2.3 0.05 0.08 0.08 0.08 0.4 1
-2.5 1.2 0.05 0.08 0.08 0.08 0.4 1
1.1 -1.0 0.05 0.08 0.08 0.08 0.4 1
-6.4 -5.9 0.05 0.08 0.08 0.08 0.4 1
-2.9 -4.1 0.05 0.08 0.08 0.08 0.4 1
-9.0 6.4 0.05 0.08 0.08 0.08 0.4 1
2.9 -1.3 0.05 0.08 0.08 0.08 0.4 1
-0.1 7.0 0.05 0.08 0.08 0.08 0.4 1
0.3 -1.1 0.05 0.5 0.5 0.08 0.8 2
7.8 -3.0 0.05 0.5 0.5 0.08 0.8 2
-7.1 1.6 0.05 0.5 0.5 0.08 0.8 2
6.3 4.8 0.05 0.5 0.5 0.08 0.8 2
8.1 7.9 0.05 0.5 0.5 0.08 0.8 2
4.3 8.0 0.05 0.8 0.8 0.08 1 3
5.1 -7.2 0.05 0.8 0.8 0.08 1 3
-1.2 8.5 0.05 0.8 0.8 0.08 1 3
1.5 -6.1 0.05 0.8 0.8 0.08 1 3
-2.3 7.2 0.05 0.8 0.8 0.08 1 3
3.8 5.7 0.05 1 1 0.08 1.2 4
-6.0 1.1 0.05 1 1 0.08 1.2 4
-2.9 -7.4 0.05 1 1 0.08 1.2 4
-4.8 -2.2 0.05 1 1 0.08 1.2 4
-3.5 0.2 0.05 1 1 0.08 1.2 4
5.1 0.5 0.05 1.2 1.2 0.08 1.4 5
5.0 -1.5 0.05 1.2 1.2 0.08 1.4 5
3.1 7.4 0.05 1.2 1.2 0.08 1.4 5
-9.0 2.4 0.05 1.2 1.2 0.08 1.4 5
-5.7 -0.3 0.05 1.2 1.2 0.08 1.4 5