5.4 7.2 0.05 0.08 0.08 0.08 0.4 1
1.1 -1.4 0.05 0.08 0.08 0.08 0.4 1
-7.7 6.4 0.05 0.08 0.08 0.08 0.4 1
-5.3 6.7 0.05 0.08 0.08 0.08 0.4 1
0.3 1.9 0.05 0.08 0.08 0.08 0.4 1
-4.4 -1.7 0.05 0.08 0.08 0.08 0.4 1
4.8 -7.0 0.05 0.08 0.08 0.08 0.4 1
8.8 7.1 0.05 0.08 0.08 0.08 0.4 1
6.8 6.6 0.05 0.08 0.08 0.08 0.4 1
-8.0 2.5 0.05 0.08 0.08 0.08 0.4 1
3.1 2.0 0.05 0.08 0.08 0.08 0.4 1
6.9 -2.4 0.05 0.08 0.08 0.08 0.4 1
7.2 -7.2 0.05 0.08 0.08 0.08 0.4 1
-6.8 9.4 0.05 0.08 0.08 0.08 0.4 1
-5.1 4.0 0.05 0.08 0.08 0.08 0.4 1
2.7 -7.1 0.05 0.08 0.08 0.08 0.4 1
-9.0 4.5 0.05 0.08 0.08 0.08 0.4 1
5.0 1.7 0.05 0.08 0.08 0.08 0.4 1
5.6 -1.2 0.05 0.08 0.08 0.08 0.4 1
9.2 4.9 0.05 0.08 0.08 0.08 0.4 1
-5.2 -6.5 0.05 0.08 0.08 0.08 0.4 1
8.5 0.0 0.05 0.08 0.08 0.08 0.4 1
-1.0 -4.0 0.05 0.08 0.08 0.08 0.4 1
-0.7 1.5 0.05 0.08 0.08 0.08 0.4 1
-5.3 -5.4 0.05 0.08 0.08 0.08 0.4 1
-6.3 8.7 0.05 0.08 0.08 0.08 0.4 1
8.5 -2.9 0.05 0.08 0.08 0.08 0.4 1
-0.5 -1.4 0.05 0.08 0.08 0.08 0.4 1
-1.8 3.3 0.05 0.08 0.08 0.08 0.4 1
6.6 9.4 0.05 0.08 0.08 0.08 0.4 1
5.7 8.5 0.05 0.5 0.5 0.08 0.8 2
-6.4 -4.5 0.05 0.5 0.5 0.08 0.8 2
3.3 6.9 0.05 0.5 0.5 0.08 0.8 2
-7.9 -0.7 0.05 0.5 0.5 0.08 0.8 2
7.0 -6.4 0.05 0.5 0.5 0.08 0.8 2
-4.5 1.8 0.05 0.8 0.8 0.08 1 3
-1.8 7.1 0.05 0.8 0.8 0.08 1 3
4.0 -5.6 0.05 0.8 0.8 0.08 1 3
-3.7 -4.8 0.05 0.8 0.8 0.08 1 3
7.0 2.1 0.05 0.8 0.8 0.08 1 3
6.2 -7.4 0.05 1 1 0.08 1.2 4
5.3 5.3 0.05 1 1 0.08 1.2 4
8.9 -6.4 0.05 1 1 0.08 1.2 4
-6.7 6.9 0.05 1 1 0.08 1.2 4
0.5 -2.6 0.05 1 1 0.08 1.2 4
-6.7 5.0 0.05 1.2 1.2 0.08 1.4 5
-8.5 7.7 0.05 1.2 1.2 0.08 1.4 5
-3.2 8.2 0.05 1.2 1.2 0.08 1.4 5
3.0 -0.7 0.05 1.2 1.2 0.08 1.4 5
1.8 2.2 0.05 1.2 1.2 0.08 1.4 5