-6.1 0.3 0.05 0.15 0.15 0.08 5.56 1
6.0 1.0 0.05 0.15 0.15 0.08 5.56 1
-3.5 -2.2 0.05 0.15 0.15 0.08 5.56 1
-1.1 -4.8 0.05 0.15 0.15 0.08 5.56 1
-6.6 4.3 0.05 0.15 0.15 0.08 5.56 1
2.1 0.4 0.05 0.15 0.15 0.08 5.56 1
1.6 -3.1 0.05 0.15 0.15 0.08 5.56 1
-6.9 0.8 0.05 0.15 0.15 0.08 5.56 1
-0.2 -4.4 0.05 0.15 0.15 0.08 5.56 1
6.4 3.4 0.05 0.15 0.15 0.08 5.56 1
7.7 6.1 0.05 0.15 0.15 0.08 5.56 1
-3.0 9.2 0.05 0.15 0.15 0.08 5.56 1
7.6 7.1 0.05 0.15 0.15 0.08 5.56 1
-6.1 -1.1 0.05 0.15 0.15 0.08 5.56 1
1.3 -7.2 0.05 0.15 0.15 0.08 5.56 1
-8.3 0.8 0.05 0.15 0.15 0.08 5.56 1
0.1 -0.7 0.05 0.15 0.15 0.08 5.56 1
3.2 4.7 0.05 0.15 0.15 0.08 5.56 1
-5.2 5.7 0.05 0.15 0.15 0.08 5.56 1
6.1 -1.7 0.05 0.15 0.15 0.08 5.56 1
-7.4 -2.2 0.05 0.15 0.15 0.08 5.56 1
0.5 1.4 0.05 0.15 0.15 0.08 5.56 1
-2.2 9.2 0.05 0.15 0.15 0.08 5.56 1
-6.3 -3.9 0.05 0.15 0.15 0.08 5.56 1
3.0 1.4 0.05 0.15 0.15 0.08 5.56 1
0.8 -6.2 0.05 0.15 0.15 0.08 5.56 1
5.0 8.5 0.05 0.15 0.15 0.08 5.56 1
-7.3 8.9 0.05 0.15 0.15 0.08 5.56 1
-8.4 -3.1 0.05 0.15 0.15 0.08 5.56 1
3.5 3.4 0.05 0.15 0.15 0.08 5.56 1
8.5 2.5 0.05 0.5 0.5 0.08 1.2 2
1.8 -5.3 0.05 0.5 0.5 0.08 1.2 2
8.3 -6.3 0.05 0.5 0.5 0.08 1.2 2
-1.7 -6.9 0.05 0.5 0.5 0.08 1.2 2
-1.3 5.9 0.05 0.5 0.5 0.08 1.2 2
-8.5 8.2 0.05 0.8 0.8 0.08 1.4 3
3.4 6.1 0.05 0.8 0.8 0.08 1.4 3
5.7 9.5 0.05 0.8 0.8 0.08 1.4 3
2.8 -5.2 0.05 0.8 0.8 0.08 1.4 3
0.6 9.5 0.05 0.8 0.8 0.08 1.4 3
7.7 8.4 0.05 1 1 0.08 1.6 4
-3.8 -6.9 0.05 1 1 0.08 1.6 4
8.9 -1.3 0.05 1 1 0.08 1.6 4
-6.4 6.8 0.05 1 1 0.08 1.6 4
-4.6 9.0 0.05 1 1 0.08 1.6 4
-2.4 4.3 0.05 1.2 1.2 0.08 1.8 5
6.9 -3.2 0.05 1.2 1.2 0.08 1.8 5
-6.6 3.1 0.05 1.2 1.2 0.08 1.8 5
-0.9 7.1 0.05 1.2 1.2 0.08 1.8 5
-1.7 0.7 0.05 1.2 1.2 0.08 1.8 5