4.4 6.9 0.05 0.08 0.08 0.08 0.002 1
2.0 6.6 0.05 0.08 0.08 0.08 0.002 1
-4.4 -7.2 0.05 0.08 0.08 0.08 0.002 1
5.6 -2.6 0.05 0.08 0.08 0.08 0.002 1
-3.7 3.2 0.05 0.08 0.08 0.08 0.002 1
9.1 -7.1 0.05 0.08 0.08 0.08 0.002 1
-1.9 7.0 0.05 0.08 0.08 0.08 0.002 1
6.5 3.2 0.05 0.08 0.08 0.08 0.002 1
7.4 -0.4 0.05 0.08 0.08 0.08 0.002 1
-7.8 1.8 0.05 0.08 0.08 0.08 0.002 1
1.2 -0.2 0.05 0.08 0.08 0.08 0.002 1
-1.0 6.2 0.05 0.08 0.08 0.08 0.002 1
-0.1 -0.5 0.05 0.08 0.08 0.08 0.002 1
0.1 3.9 0.05 0.08 0.08 0.08 0.002 1
1.0 -1.8 0.05 0.08 0.08 0.08 0.002 1
5.8 7.0 0.05 0.08 0.08 0.08 0.002 1
8.1 -3.6 0.05 0.08 0.08 0.08 0.002 1
4.4 -6.4 0.05 0.08 0.08 0.08 0.002 1
8.1 -0.7 0.05 0.08 0.08 0.08 0.002 1
8.7 -1.9 0.05 0.08 0.08 0.08 0.002 1
4.6 4.6 0.05 0.08 0.08 0.08 0.002 1
0.9 3.8 0.05 0.08 0.08 0.08 0.002 1
4.3 6.3 0.05 0.08 0.08 0.08 0.002 1
-6.7 -4.2 0.05 0.08 0.08 0.08 0.002 1
-2.7 6.4 0.05 0.08 0.08 0.08 0.002 1
8.4 -4.7 0.05 0.08 0.08 0.08 0.002 1
9.4 -1.0 0.05 0.08 0.08 0.08 0.002 1
0.5 2.3 0.05 0.08 0.08 0.08 0.002 1
-8.8 6.6 0.05 0.08 0.08 0.08 0.002 1
-6.2 -2.5 0.05 0.08 0.08 0.08 0.002 1
2.3 -1.8 0.05 0.5 0.5 0.08 0.8 2
-4.2 7.0 0.05 0.5 0.5 0.08 0.8 2
8.3 4.9 0.05 0.5 0.5 0.08 0.8 2
9.4 0.1 0.05 0.5 0.5 0.08 0.8 2
-0.1 7.1 0.05 0.5 0.5 0.08 0.8 2
-8.5 -0.6 0.05 0.8 0.8 0.08 1 3
-6.0 5.4 0.05 0.8 0.8 0.08 1 3
0.0 -5.0 0.05 0.8 0.8 0.08 1 3
4.2 8.5 0.05 0.8 0.8 0.08 1 3
4.9 -4.3 0.05 0.8 0.8 0.08 1 3
-9.2 -3.4 0.05 1 1 0.08 1.2 4
2.3 8.8 0.05 1 1 0.08 1.2 4
-1.1 0.7 0.05 1 1 0.08 1.2 4
8.9 2.5 0.05 1 1 0.08 1.2 4
-4.7 -4.3 0.05 1 1 0.08 1.2 4
-3.1 0.3 0.05 1.2 1.2 0.08 1.4 5
-3.0 1.6 0.05 1.2 1.2 0.08 1.4 5
6.5 1.9 0.05 1.2 1.2 0.08 1.4 5
3.0 1.1 0.05 1.2 1.2 0.08 1.4 5
-7.4 7.6 0.05 1.2 1.2 0.08 1.4 5