0.6 6.9 0.05 0.1 0.1 0.08 1.4 1
1.6 -4.5 0.05 0.1 0.1 0.08 1.4 1
-7.8 -4.2 0.05 0.1 0.1 0.08 1.4 1
7.2 8.8 0.05 0.1 0.1 0.08 1.4 1
-0.0 3.6 0.05 0.1 0.1 0.08 1.4 1
2.4 8.1 0.05 0.1 0.1 0.08 1.4 1
8.4 6.1 0.05 0.1 0.1 0.08 1.4 1
6.2 -4.1 0.05 0.1 0.1 0.08 1.4 1
-6.3 6.6 0.05 0.1 0.1 0.08 1.4 1
9.0 -2.3 0.05 0.1 0.1 0.08 1.4 1
-4.0 1.0 0.05 0.1 0.1 0.08 1.4 1
-2.7 -5.0 0.05 0.1 0.1 0.08 1.4 1
1.0 -3.4 0.05 0.1 0.1 0.08 1.4 1
-2.8 6.1 0.05 0.1 0.1 0.08 1.4 1
-5.1 2.7 0.05 0.1 0.1 0.08 1.4 1
-1.3 5.5 0.05 0.1 0.1 0.08 1.4 1
-7.8 -4.9 0.05 0.1 0.1 0.08 1.4 1
-6.6 -4.5 0.05 0.1 0.1 0.08 1.4 1
1.7 -5.8 0.05 0.1 0.1 0.08 1.4 1
3.6 8.6 0.05 0.1 0.1 0.08 1.4 1
5.0 7.8 0.05 0.1 0.1 0.08 1.4 1
-3.7 -5.2 0.05 0.1 0.1 0.08 1.4 1
-5.1 -5.8 0.05 0.1 0.1 0.08 1.4 1
-1.8 3.3 0.05 0.1 0.1 0.08 1.4 1
4.8 2.0 0.05 0.1 0.1 0.08 1.4 1
7.6 -2.0 0.05 0.1 0.1 0.08 1.4 1
-5.5 5.8 0.05 0.1 0.1 0.08 1.4 1
-7.8 9.3 0.05 0.1 0.1 0.08 1.4 1
-2.8 2.6 0.05 0.1 0.1 0.08 1.4 1
-7.3 7.5 0.05 0.1 0.1 0.08 1.4 1
-8.7 -3.1 0.05 0.5 0.5 0.08 0.8 2
5.0 6.1 0.05 0.5 0.5 0.08 0.8 2
-0.5 -1.6 0.05 0.5 0.5 0.08 0.8 2
6.4 3.7 0.05 0.5 0.5 0.08 0.8 2
1.3 -1.4 0.05 0.5 0.5 0.08 0.8 2
-0.8 -0.1 0.05 0.8 0.8 0.08 1 3
0.4 1.3 0.05 0.8 0.8 0.08 1 3
7.3 5.9 0.05 0.8 0.8 0.08 1 3
-6.3 8.9 0.05 0.8 0.8 0.08 1 3
-7.4 3.7 0.05 0.8 0.8 0.08 1 3
-8.5 -0.6 0.05 1 1 0.08 1.2 4
-1.7 -4.2 0.05 1 1 0.08 1.2 4
-1.7 9.1 0.05 1 1 0.08 1.2 4
-3.7 8.1 0.05 1 1 0.08 1.2 4
-3.1 -6.8 0.05 1 1 0.08 1.2 4
7.3 0.2 0.05 1.2 1.2 0.08 1.4 5
-6.5 -1.9 0.05 1.2 1.2 0.08 1.4 5
4.9 4.1 0.05 1.2 1.2 0.08 1.4 5
-1.6 1.6 0.05 1.2 1.2 0.08 1.4 5
1.2 4.7 0.05 1.2 1.2 0.08 1.4 5