-3.2 -3.8 0.05 0.08 0.08 0.08 0.002 1
-4.9 1.8 0.05 0.08 0.08 0.08 0.002 1
-2.2 9.1 0.05 0.08 0.08 0.08 0.002 1
-3.5 2.2 0.05 0.08 0.08 0.08 0.002 1
0.9 8.6 0.05 0.08 0.08 0.08 0.002 1
6.9 6.5 0.05 0.08 0.08 0.08 0.002 1
1.2 -3.7 0.05 0.08 0.08 0.08 0.002 1
6.5 4.9 0.05 0.08 0.08 0.08 0.002 1
3.8 0.1 0.05 0.08 0.08 0.08 0.002 1
-4.8 -3.5 0.05 0.08 0.08 0.08 0.002 1
4.4 5.7 0.05 0.5 0.5 0.08 0.8 2
8.8 -6.3 0.05 0.5 0.5 0.08 0.8 2
-1.1 -1.4 0.05 0.5 0.5 0.08 0.8 2
2.2 6.4 0.05 0.5 0.5 0.08 0.8 2
-4.0 -1.2 0.05 0.5 0.5 0.08 0.8 2
-4.5 3.3 0.05 0.5 0.5 0.08 0.8 2
4.6 -4.8 0.05 0.5 0.5 0.08 0.8 2
9.1 8.8 0.05 0.5 0.5 0.08 0.8 2
1.8 2.8 0.05 0.5 0.5 0.08 0.8 2
-6.4 1.2 0.05 0.5 0.5 0.08 0.8 2
8.2 2.7 0.05 0.8 0.8 0.08 1 3
4.7 8.0 0.05 0.8 0.8 0.08 1 3
-0.5 -5.6 0.05 0.8 0.8 0.08 1 3
-6.9 -1.4 0.05 0.8 0.8 0.08 1 3
7.8 -7.4 0.05 0.8 0.8 0.08 1 3
4.9 9.4 0.05 0.8 0.8 0.08 1 3
9.4 4.5 0.05 0.8 0.8 0.08 1 3
1.0 7.5 0.05 0.8 0.8 0.08 1 3
-4.0 -7.3 0.05 0.8 0.8 0.08 1 3
5.5 -1.1 0.05 0.8 0.8 0.08 1 3
-1.0 6.6 0.05 1 1 0.08 1.2 4
-2.8 -7.4 0.05 1 1 0.08 1.2 4
-5.5 -5.7 0.05 1 1 0.08 1.2 4
-9.4 -1.9 0.05 1 1 0.08 1.2 4
6.3 3.5 0.05 1 1 0.08 1.2 4
6.6 -5.7 0.05 1 1 0.08 1.2 4
1.2 4.1 0.05 1 1 0.08 1.2 4
-7.8 0.6 0.05 1 1 0.08 1.2 4
-5.8 -3.7 0.05 1 1 0.08 1.2 4
-8.4 -4.3 0.05 1 1 0.08 1.2 4
5.4 2.3 0.05 1.2 1.2 0.08 1.4 5
-3.5 0.3 0.05 1.2 1.2 0.08 1.4 5
-3.1 -5.3 0.05 1.2 1.2 0.08 1.4 5
-1.3 4.8 0.05 1.2 1.2 0.08 1.4 5
7.7 4.2 0.05 1.2 1.2 0.08 1.4 5
8.0 -4.6 0.05 1.2 1.2 0.08 1.4 5
-7.5 3.2 0.05 1.2 1.2 0.08 1.4 5
7.3 -1.3 0.05 1.2 1.2 0.08 1.4 5
-5.8 3.8 0.05 1.2 1.2 0.08 1.4 5
-5.8 7.2 0.05 1.2 1.2 0.08 1.4 5