3.4 7.1 0.05 0.08 0.08 0.08 0.002 1
3.7 -6.4 0.05 0.08 0.08 0.08 0.002 1
-0.0 2.4 0.05 0.08 0.08 0.08 0.002 1
7.8 3.9 0.05 0.08 0.08 0.08 0.002 1
-3.6 -2.5 0.05 0.08 0.08 0.08 0.002 1
-8.1 7.0 0.05 0.08 0.08 0.08 0.002 1
-9.2 -1.3 0.05 0.08 0.08 0.08 0.002 1
-6.3 0.3 0.05 0.08 0.08 0.08 0.002 1
7.7 2.7 0.05 0.08 0.08 0.08 0.002 1
-3.0 5.6 0.05 0.08 0.08 0.08 0.002 1
-2.2 -0.9 0.05 0.5 0.5 0.08 0.8 2
6.6 -0.2 0.05 0.5 0.5 0.08 0.8 2
-4.9 -0.2 0.05 0.5 0.5 0.08 0.8 2
4.5 6.7 0.05 0.5 0.5 0.08 0.8 2
2.6 2.3 0.05 0.5 0.5 0.08 0.8 2
-1.5 -0.0 0.05 0.5 0.5 0.08 0.8 2
1.5 3.5 0.05 0.5 0.5 0.08 0.8 2
-5.3 -3.3 0.05 0.5 0.5 0.08 0.8 2
-4.3 8.6 0.05 0.5 0.5 0.08 0.8 2
6.2 2.7 0.05 0.5 0.5 0.08 0.8 2
8.8 -5.7 0.05 0.8 0.8 0.08 1 3
-5.2 6.4 0.05 0.8 0.8 0.08 1 3
2.4 7.6 0.05 0.8 0.8 0.08 1 3
3.0 5.5 0.05 0.8 0.8 0.08 1 3
-1.7 9.3 0.05 0.8 0.8 0.08 1 3
8.0 1.1 0.05 0.8 0.8 0.08 1 3
-8.9 0.4 0.05 0.8 0.8 0.08 1 3
-7.3 -5.5 0.05 0.8 0.8 0.08 1 3
5.4 0.7 0.05 0.8 0.8 0.08 1 3
0.6 -6.3 0.05 0.8 0.8 0.08 1 3
-3.9 0.2 0.05 1 1 0.08 1.2 4
7.8 7.0 0.05 1 1 0.08 1.2 4
-6.9 -2.3 0.05 1 1 0.08 1.2 4
3.3 1.0 0.05 1 1 0.08 1.2 4
2.2 9.0 0.05 1 1 0.08 1.2 4
7.8 8.8 0.05 1 1 0.08 1.2 4
1.9 -2.0 0.05 1 1 0.08 1.2 4
2.4 -0.4 0.05 1 1 0.08 1.2 4
4.4 -0.2 0.05 1 1 0.08 1.2 4
-9.5 4.6 0.05 1 1 0.08 1.2 4
-1.5 -3.4 0.05 1.2 1.2 0.08 1.4 5
-8.7 -7.4 0.05 1.2 1.2 0.08 1.4 5
3.0 -4.0 0.05 1.2 1.2 0.08 1.4 5
4.5 5.0 0.05 1.2 1.2 0.08 1.4 5
-8.8 2.6 0.05 1.2 1.2 0.08 1.4 5
5.3 -2.4 0.05 1.2 1.2 0.08 1.4 5
6.7 -5.5 0.05 1.2 1.2 0.08 1.4 5
-7.2 2.3 0.05 1.2 1.2 0.08 1.4 5
-7.7 -4.2 0.05 1.2 1.2 0.08 1.4 5
-7.4 8.9 0.05 1.2 1.2 0.08 1.4 5