3.5 5.2 0.05 0.1 0.1 0.08 1.4 1
-4.3 -5.9 0.05 0.1 0.1 0.08 1.4 1
-9.2 -6.8 0.05 0.1 0.1 0.08 1.4 1
1.5 5.5 0.05 0.1 0.1 0.08 1.4 1
-9.3 -6.1 0.05 0.1 0.1 0.08 1.4 1
5.7 -0.9 0.05 0.1 0.1 0.08 1.4 1
1.3 -2.4 0.05 0.1 0.1 0.08 1.4 1
-1.3 -4.9 0.05 0.1 0.1 0.08 1.4 1
-7.1 5.7 0.05 0.1 0.1 0.08 1.4 1
-6.1 -2.9 0.05 0.1 0.1 0.08 1.4 1
6.0 0.0 0.05 0.5 0.5 0.08 0.8 2
-9.1 4.4 0.05 0.5 0.5 0.08 0.8 2
-4.8 8.6 0.05 0.5 0.5 0.08 0.8 2
3.0 -2.5 0.05 0.5 0.5 0.08 0.8 2
5.5 -5.1 0.05 0.5 0.5 0.08 0.8 2
0.5 5.1 0.05 0.5 0.5 0.08 0.8 2
-3.4 5.1 0.05 0.5 0.5 0.08 0.8 2
2.8 7.0 0.05 0.5 0.5 0.08 0.8 2
-3.3 -6.4 0.05 0.5 0.5 0.08 0.8 2
-6.8 -1.9 0.05 0.5 0.5 0.08 0.8 2
-1.0 -2.4 0.05 0.8 0.8 0.08 1 3
-0.3 -0.7 0.05 0.8 0.8 0.08 1 3
-2.3 8.1 0.05 0.8 0.8 0.08 1 3
-8.8 0.3 0.05 0.8 0.8 0.08 1 3
5.8 7.5 0.05 0.8 0.8 0.08 1 3
4.7 -7.0 0.05 0.8 0.8 0.08 1 3
7.8 3.1 0.05 0.8 0.8 0.08 1 3
-0.3 -5.8 0.05 0.8 0.8 0.08 1 3
3.0 -5.9 0.05 0.8 0.8 0.08 1 3
-1.0 3.0 0.05 0.8 0.8 0.08 1 3
-6.1 -5.8 0.05 1 1 0.08 1.2 4
-6.8 1.7 0.05 1 1 0.08 1.2 4
-3.4 -1.6 0.05 1 1 0.08 1.2 4
-8.0 -1.8 0.05 1 1 0.08 1.2 4
8.3 1.5 0.05 1 1 0.08 1.2 4
-3.0 6.7 0.05 1 1 0.08 1.2 4
-2.6 2.0 0.05 1 1 0.08 1.2 4
-5.4 5.2 0.05 1 1 0.08 1.2 4
-0.5 1.0 0.05 1 1 0.08 1.2 4
-6.3 3.1 0.05 1 1 0.08 1.2 4
-8.5 6.0 0.05 1.2 1.2 0.08 1.4 5
0.8 8.7 0.05 1.2 1.2 0.08 1.4 5
7.7 -0.1 0.05 1.2 1.2 0.08 1.4 5
2.8 2.5 0.05 1.2 1.2 0.08 1.4 5
3.2 3.8 0.05 1.2 1.2 0.08 1.4 5
7.0 9.2 0.05 1.2 1.2 0.08 1.4 5
5.2 1.4 0.05 1.2 1.2 0.08 1.4 5
8.4 -5.6 0.05 1.2 1.2 0.08 1.4 5
6.2 5.8 0.05 1.2 1.2 0.08 1.4 5
-1.2 -7.2 0.05 1.2 1.2 0.08 1.4 5