2.7 4.9 0.05 0.15 0.15 0.08 5.56 1
-8.8 6.9 0.05 0.15 0.15 0.08 5.56 1
2.9 6.2 0.05 0.15 0.15 0.08 5.56 1
1.3 -2.7 0.05 0.15 0.15 0.08 5.56 1
3.2 9.4 0.05 0.15 0.15 0.08 5.56 1
-0.8 9.4 0.05 0.15 0.15 0.08 5.56 1
3.4 -6.6 0.05 0.15 0.15 0.08 5.56 1
-6.4 8.6 0.05 0.15 0.15 0.08 5.56 1
7.1 5.9 0.05 0.15 0.15 0.08 5.56 1
3.2 -5.0 0.05 0.15 0.15 0.08 5.56 1
-8.2 -4.0 0.05 0.5 0.5 0.08 1.2 2
-6.1 6.9 0.05 0.5 0.5 0.08 1.2 2
-8.8 5.2 0.05 0.5 0.5 0.08 1.2 2
-7.5 0.4 0.05 0.5 0.5 0.08 1.2 2
7.6 2.7 0.05 0.5 0.5 0.08 1.2 2
-1.8 -4.6 0.05 0.5 0.5 0.08 1.2 2
-5.5 5.2 0.05 0.5 0.5 0.08 1.2 2
0.7 -3.6 0.05 0.5 0.5 0.08 1.2 2
8.9 9.3 0.05 0.5 0.5 0.08 1.2 2
-5.7 -0.7 0.05 0.5 0.5 0.08 1.2 2
-2.3 1.3 0.05 0.8 0.8 0.08 1.4 3
7.7 0.7 0.05 0.8 0.8 0.08 1.4 3
7.2 8.8 0.05 0.8 0.8 0.08 1.4 3
7.4 -1.0 0.05 0.8 0.8 0.08 1.4 3
-2.0 3.9 0.05 0.8 0.8 0.08 1.4 3
-6.5 5.7 0.05 0.8 0.8 0.08 1.4 3
-8.7 2.6 0.05 0.8 0.8 0.08 1.4 3
-7.7 2.1 0.05 0.8 0.8 0.08 1.4 3
5.0 -2.5 0.05 0.8 0.8 0.08 1.4 3
4.2 -5.1 0.05 0.8 0.8 0.08 1.4 3
4.6 4.4 0.05 1 1 0.08 1.6 4
-0.7 -2.9 0.05 1 1 0.08 1.6 4
1.0 3.1 0.05 1 1 0.08 1.6 4
-6.9 -7.3 0.05 1 1 0.08 1.6 4
8.9 5.8 0.05 1 1 0.08 1.6 4
-9.0 9.1 0.05 1 1 0.08 1.6 4
2.6 -0.7 0.05 1 1 0.08 1.6 4
5.6 -1.0 0.05 1 1 0.08 1.6 4
2.4 -7.3 0.05 1 1 0.08 1.6 4
-7.2 7.0 0.05 1 1 0.08 1.6 4
6.4 -3.4 0.05 1.2 1.2 0.08 1.8 5
-7.3 -1.8 0.05 1.2 1.2 0.08 1.8 5
-2.1 -7.3 0.05 1.2 1.2 0.08 1.8 5
-0.9 5.4 0.05 1.2 1.2 0.08 1.8 5
-2.6 2.7 0.05 1.2 1.2 0.08 1.8 5
7.5 4.4 0.05 1.2 1.2 0.08 1.8 5
-7.0 -5.0 0.05 1.2 1.2 0.08 1.8 5
8.5 -4.8 0.05 1.2 1.2 0.08 1.8 5
6.6 0.8 0.05 1.2 1.2 0.08 1.8 5
-0.2 -1.4 0.05 1.2 1.2 0.08 1.8 5