-6.4 2.0 0.05 0.15 0.15 0.08 5.56 1
-2.7 1.4 0.05 0.15 0.15 0.08 5.56 1
4.7 -3.0 0.05 0.15 0.15 0.08 5.56 1
9.0 -0.7 0.05 0.15 0.15 0.08 5.56 1
-5.9 -4.3 0.05 0.15 0.15 0.08 5.56 1
-2.7 6.5 0.05 0.15 0.15 0.08 5.56 1
-5.0 -2.2 0.05 0.15 0.15 0.08 5.56 1
1.2 0.5 0.05 0.15 0.15 0.08 5.56 1
-0.9 8.5 0.05 0.15 0.15 0.08 5.56 1
0.6 -5.9 0.05 0.15 0.15 0.08 5.56 1
-0.4 -2.4 0.05 0.5 0.5 0.08 1.2 2
3.3 -1.4 0.05 0.5 0.5 0.08 1.2 2
-7.8 -4.2 0.05 0.5 0.5 0.08 1.2 2
1.5 1.3 0.05 0.5 0.5 0.08 1.2 2
-7.3 -0.4 0.05 0.5 0.5 0.08 1.2 2
-2.0 -1.9 0.05 0.5 0.5 0.08 1.2 2
-7.9 5.3 0.05 0.5 0.5 0.08 1.2 2
8.8 -4.6 0.05 0.5 0.5 0.08 1.2 2
-8.4 -3.1 0.05 0.5 0.5 0.08 1.2 2
-8.3 1.9 0.05 0.5 0.5 0.08 1.2 2
7.3 -3.3 0.05 0.8 0.8 0.08 1.4 3
-7.6 8.2 0.05 0.8 0.8 0.08 1.4 3
-4.6 6.1 0.05 0.8 0.8 0.08 1.4 3
6.7 -2.2 0.05 0.8 0.8 0.08 1.4 3
3.7 -3.0 0.05 0.8 0.8 0.08 1.4 3
7.5 -0.0 0.05 0.8 0.8 0.08 1.4 3
1.2 -1.2 0.05 0.8 0.8 0.08 1.4 3
4.5 0.8 0.05 0.8 0.8 0.08 1.4 3
-5.0 3.2 0.05 0.8 0.8 0.08 1.4 3
-4.9 1.3 0.05 0.8 0.8 0.08 1.4 3
-3.9 3.3 0.05 1 1 0.08 1.6 4
6.7 1.7 0.05 1 1 0.08 1.6 4
5.9 -7.0 0.05 1 1 0.08 1.6 4
2.5 4.7 0.05 1 1 0.08 1.6 4
-8.6 0.3 0.05 1 1 0.08 1.6 4
8.4 4.1 0.05 1 1 0.08 1.6 4
6.2 -0.3 0.05 1 1 0.08 1.6 4
3.7 5.0 0.05 1 1 0.08 1.6 4
-0.2 -4.1 0.05 1 1 0.08 1.6 4
8.9 1.3 0.05 1 1 0.08 1.6 4
7.1 6.7 0.05 1.2 1.2 0.08 1.8 5
9.0 -6.2 0.05 1.2 1.2 0.08 1.8 5
0.3 8.1 0.05 1.2 1.2 0.08 1.8 5
-8.0 -6.8 0.05 1.2 1.2 0.08 1.8 5
-4.6 0.1 0.05 1.2 1.2 0.08 1.8 5
-1.8 3.3 0.05 1.2 1.2 0.08 1.8 5
1.0 5.0 0.05 1.2 1.2 0.08 1.8 5
-1.6 -6.7 0.05 1.2 1.2 0.08 1.8 5
-0.2 -1.2 0.05 1.2 1.2 0.08 1.8 5
5.3 8.2 0.05 1.2 1.2 0.08 1.8 5