8.4 2.4 0.05 0.08 0.08 0.08 0.002 1
-6.1 3.2 0.05 0.08 0.08 0.08 0.002 1
-2.2 3.5 0.05 0.08 0.08 0.08 0.002 1
6.1 -4.9 0.05 0.08 0.08 0.08 0.002 1
-3.1 -0.5 0.05 0.08 0.08 0.08 0.002 1
6.9 -4.1 0.05 0.08 0.08 0.08 0.002 1
-7.8 7.2 0.05 0.08 0.08 0.08 0.002 1
-4.2 8.7 0.05 0.08 0.08 0.08 0.002 1
7.5 6.3 0.05 0.08 0.08 0.08 0.002 1
-6.4 -4.1 0.05 0.08 0.08 0.08 0.002 1
-3.1 5.6 0.05 0.5 0.5 0.08 0.8 2
-3.2 8.8 0.05 0.5 0.5 0.08 0.8 2
-5.7 -5.8 0.05 0.5 0.5 0.08 0.8 2
4.9 1.3 0.05 0.5 0.5 0.08 0.8 2
9.2 -0.7 0.05 0.5 0.5 0.08 0.8 2
-3.4 -2.4 0.05 0.5 0.5 0.08 0.8 2
2.9 1.7 0.05 0.5 0.5 0.08 0.8 2
-3.9 1.2 0.05 0.5 0.5 0.08 0.8 2
-2.5 -5.5 0.05 0.5 0.5 0.08 0.8 2
0.0 0.0 0.05 0.5 0.5 0.08 0.8 2
-1.5 5.4 0.05 0.8 0.8 0.08 1 3
-7.0 -0.3 0.05 0.8 0.8 0.08 1 3
-4.9 -3.7 0.05 0.8 0.8 0.08 1 3
1.7 -1.9 0.05 0.8 0.8 0.08 1 3
3.5 0.1 0.05 0.8 0.8 0.08 1 3
7.4 2.7 0.05 0.8 0.8 0.08 1 3
-5.8 2.1 0.05 0.8 0.8 0.08 1 3
0.1 -5.8 0.05 0.8 0.8 0.08 1 3
5.8 9.5 0.05 0.8 0.8 0.08 1 3
2.2 0.0 0.05 0.8 0.8 0.08 1 3
-1.3 -5.7 0.05 1 1 0.08 1.2 4
2.5 6.0 0.05 1 1 0.08 1.2 4
5.6 7.0 0.05 1 1 0.08 1.2 4
-8.8 3.6 0.05 1 1 0.08 1.2 4
-7.5 1.4 0.05 1 1 0.08 1.2 4
0.9 -4.8 0.05 1 1 0.08 1.2 4
-7.7 -4.4 0.05 1 1 0.08 1.2 4
3.4 8.8 0.05 1 1 0.08 1.2 4
8.3 -5.5 0.05 1 1 0.08 1.2 4
4.6 0.3 0.05 1 1 0.08 1.2 4
9.1 5.8 0.05 1.2 1.2 0.08 1.4 5
1.9 8.2 0.05 1.2 1.2 0.08 1.4 5
-7.3 -1.9 0.05 1.2 1.2 0.08 1.4 5
2.7 -4.9 0.05 1.2 1.2 0.08 1.4 5
1.4 -7.4 0.05 1.2 1.2 0.08 1.4 5
-5.4 0.3 0.05 1.2 1.2 0.08 1.4 5
4.9 -2.3 0.05 1.2 1.2 0.08 1.4 5
-8.4 -7.4 0.05 1.2 1.2 0.08 1.4 5
8.2 -3.7 0.05 1.2 1.2 0.08 1.4 5
-5.5 8.9 0.05 1.2 1.2 0.08 1.4 5