-4.0 -1.4 0.05 0.15 0.15 0.08 5.56 1
6.5 5.8 0.05 0.15 0.15 0.08 5.56 1
-8.0 -2.4 0.05 0.15 0.15 0.08 5.56 1
8.5 -1.8 0.05 0.15 0.15 0.08 5.56 1
5.9 6.1 0.05 0.15 0.15 0.08 5.56 1
-6.4 -0.1 0.05 0.15 0.15 0.08 5.56 1
-0.0 -5.6 0.05 0.15 0.15 0.08 5.56 1
-8.0 7.6 0.05 0.15 0.15 0.08 5.56 1
5.1 1.6 0.05 0.15 0.15 0.08 5.56 1
-5.1 -4.6 0.05 0.15 0.15 0.08 5.56 1
6.0 -5.2 0.05 0.5 0.5 0.08 1.2 2
-1.3 4.9 0.05 0.5 0.5 0.08 1.2 2
0.8 -4.2 0.05 0.5 0.5 0.08 1.2 2
-9.0 -6.2 0.05 0.5 0.5 0.08 1.2 2
-5.0 6.9 0.05 0.5 0.5 0.08 1.2 2
2.1 -1.1 0.05 0.5 0.5 0.08 1.2 2
-6.1 -4.3 0.05 0.5 0.5 0.08 1.2 2
6.3 -2.7 0.05 0.5 0.5 0.08 1.2 2
-0.1 6.6 0.05 0.5 0.5 0.08 1.2 2
5.7 -6.1 0.05 0.5 0.5 0.08 1.2 2
-4.5 2.4 0.05 0.8 0.8 0.08 1.4 3
1.9 3.3 0.05 0.8 0.8 0.08 1.4 3
0.8 -0.6 0.05 0.8 0.8 0.08 1.4 3
-5.7 -2.4 0.05 0.8 0.8 0.08 1.4 3
8.9 1.7 0.05 0.8 0.8 0.08 1.4 3
0.3 -2.6 0.05 0.8 0.8 0.08 1.4 3
-1.1 2.7 0.05 0.8 0.8 0.08 1.4 3
9.2 -7.0 0.05 0.8 0.8 0.08 1.4 3
-2.8 -5.2 0.05 0.8 0.8 0.08 1.4 3
-1.7 7.1 0.05 0.8 0.8 0.08 1.4 3
4.1 -2.9 0.05 1 1 0.08 1.6 4
-9.2 3.6 0.05 1 1 0.08 1.6 4
-8.2 6.3 0.05 1 1 0.08 1.6 4
6.2 -0.1 0.05 1 1 0.08 1.6 4
-4.1 -6.2 0.05 1 1 0.08 1.6 4
6.2 -7.1 0.05 1 1 0.08 1.6 4
-6.9 1.5 0.05 1 1 0.08 1.6 4
-2.7 5.8 0.05 1 1 0.08 1.6 4
-3.1 -3.1 0.05 1 1 0.08 1.6 4
-5.7 1.0 0.05 1 1 0.08 1.6 4
7.0 3.5 0.05 1.2 1.2 0.08 1.8 5
7.9 -0.4 0.05 1.2 1.2 0.08 1.8 5
4.1 8.4 0.05 1.2 1.2 0.08 1.8 5
-6.6 3.6 0.05 1.2 1.2 0.08 1.8 5
8.3 -3.5 0.05 1.2 1.2 0.08 1.8 5
2.2 6.8 0.05 1.2 1.2 0.08 1.8 5
-5.0 4.6 0.05 1.2 1.2 0.08 1.8 5
6.9 7.6 0.05 1.2 1.2 0.08 1.8 5
-6.2 8.6 0.05 1.2 1.2 0.08 1.8 5
1.5 1.6 0.05 1.2 1.2 0.08 1.8 5