7.8 -0.4 0.05 0.15 0.15 0.08 5.56 1
-9.5 -3.2 0.05 0.15 0.15 0.08 5.56 1
-9.4 2.6 0.05 0.15 0.15 0.08 5.56 1
7.9 -4.4 0.05 0.15 0.15 0.08 5.56 1
1.8 5.5 0.05 0.15 0.15 0.08 5.56 1
-9.0 6.5 0.05 0.15 0.15 0.08 5.56 1
8.0 3.9 0.05 0.15 0.15 0.08 5.56 1
6.4 0.9 0.05 0.15 0.15 0.08 5.56 1
-0.4 6.1 0.05 0.15 0.15 0.08 5.56 1
-3.2 3.5 0.05 0.15 0.15 0.08 5.56 1
-5.5 2.0 0.05 0.5 0.5 0.08 1.2 2
4.4 6.5 0.05 0.5 0.5 0.08 1.2 2
-2.2 -7.2 0.05 0.5 0.5 0.08 1.2 2
-5.9 -3.5 0.05 0.5 0.5 0.08 1.2 2
0.0 -5.7 0.05 0.5 0.5 0.08 1.2 2
-4.9 4.6 0.05 0.5 0.5 0.08 1.2 2
7.1 8.1 0.05 0.5 0.5 0.08 1.2 2
-7.8 -1.3 0.05 0.5 0.5 0.08 1.2 2
-1.6 3.6 0.05 0.5 0.5 0.08 1.2 2
2.1 -7.0 0.05 0.5 0.5 0.08 1.2 2
9.2 4.3 0.05 0.8 0.8 0.08 1.4 3
3.2 2.4 0.05 0.8 0.8 0.08 1.4 3
3.5 4.8 0.05 0.8 0.8 0.08 1.4 3
9.3 -1.9 0.05 0.8 0.8 0.08 1.4 3
-5.7 -5.3 0.05 0.8 0.8 0.08 1.4 3
-7.6 -5.4 0.05 0.8 0.8 0.08 1.4 3
-1.3 8.0 0.05 0.8 0.8 0.08 1.4 3
-4.9 -6.5 0.05 0.8 0.8 0.08 1.4 3
6.5 4.9 0.05 0.8 0.8 0.08 1.4 3
-2.9 -3.7 0.05 0.8 0.8 0.08 1.4 3
0.9 -7.4 0.05 1 1 0.08 1.6 4
-3.9 -4.4 0.05 1 1 0.08 1.6 4
2.2 1.6 0.05 1 1 0.08 1.6 4
-0.6 4.8 0.05 1 1 0.08 1.6 4
5.3 0.8 0.05 1 1 0.08 1.6 4
-5.9 5.3 0.05 1 1 0.08 1.6 4
-5.8 6.7 0.05 1 1 0.08 1.6 4
4.8 2.5 0.05 1 1 0.08 1.6 4
6.2 -4.8 0.05 1 1 0.08 1.6 4
6.4 1.9 0.05 1 1 0.08 1.6 4
-4.7 -0.9 0.05 1.2 1.2 0.08 1.8 5
8.9 6.8 0.05 1.2 1.2 0.08 1.8 5
-0.7 -2.8 0.05 1.2 1.2 0.08 1.8 5
-2.1 -6.0 0.05 1.2 1.2 0.08 1.8 5
-5.6 0.6 0.05 1.2 1.2 0.08 1.8 5
-2.3 5.3 0.05 1.2 1.2 0.08 1.8 5
3.5 -1.7 0.05 1.2 1.2 0.08 1.8 5
5.8 7.7 0.05 1.2 1.2 0.08 1.8 5
7.5 -6.7 0.05 1.2 1.2 0.08 1.8 5
5.2 5.0 0.05 1.2 1.2 0.08 1.8 5