-5.7 -3.7 0.05 0.08 0.08 0.08 0.4 1
6.3 8.0 0.05 0.08 0.08 0.08 0.4 1
0.9 -2.5 0.05 0.08 0.08 0.08 0.4 1
0.9 8.8 0.05 0.08 0.08 0.08 0.4 1
0.3 7.4 0.05 0.08 0.08 0.08 0.4 1
4.0 -0.3 0.05 0.08 0.08 0.08 0.4 1
9.0 -5.3 0.05 0.08 0.08 0.08 0.4 1
4.5 1.2 0.05 0.08 0.08 0.08 0.4 1
1.6 -6.1 0.05 0.08 0.08 0.08 0.4 1
2.8 6.3 0.05 0.08 0.08 0.08 0.4 1
-5.6 -5.4 0.05 0.5 0.5 0.08 0.8 2
-6.7 5.2 0.05 0.5 0.5 0.08 0.8 2
-8.3 3.7 0.05 0.5 0.5 0.08 0.8 2
8.1 -3.5 0.05 0.5 0.5 0.08 0.8 2
-7.1 2.2 0.05 0.5 0.5 0.08 0.8 2
3.0 2.3 0.05 0.5 0.5 0.08 0.8 2
6.7 -6.3 0.05 0.5 0.5 0.08 0.8 2
-0.6 3.3 0.05 0.5 0.5 0.08 0.8 2
4.1 3.5 0.05 0.5 0.5 0.08 0.8 2
7.2 -5.3 0.05 0.5 0.5 0.08 0.8 2
-2.4 4.5 0.05 0.8 0.8 0.08 1 3
-4.4 -1.4 0.05 0.8 0.8 0.08 1 3
6.4 5.6 0.05 0.8 0.8 0.08 1 3
-0.3 -4.0 0.05 0.8 0.8 0.08 1 3
-7.1 -7.1 0.05 0.8 0.8 0.08 1 3
-6.1 1.3 0.05 0.8 0.8 0.08 1 3
8.0 8.8 0.05 0.8 0.8 0.08 1 3
4.9 -5.5 0.05 0.8 0.8 0.08 1 3
-7.6 -0.5 0.05 0.8 0.8 0.08 1 3
1.4 -7.2 0.05 0.8 0.8 0.08 1 3
-4.4 -3.3 0.05 1 1 0.08 1.2 4
-2.6 0.6 0.05 1 1 0.08 1.2 4
-8.2 -4.4 0.05 1 1 0.08 1.2 4
-2.9 -0.7 0.05 1 1 0.08 1.2 4
0.4 -6.4 0.05 1 1 0.08 1.2 4
-2.4 6.0 0.05 1 1 0.08 1.2 4
3.4 8.1 0.05 1 1 0.08 1.2 4
-0.4 9.4 0.05 1 1 0.08 1.2 4
2.2 -2.9 0.05 1 1 0.08 1.2 4
8.8 2.3 0.05 1 1 0.08 1.2 4
7.5 3.1 0.05 1.2 1.2 0.08 1.4 5
-4.0 5.2 0.05 1.2 1.2 0.08 1.4 5
-6.8 7.4 0.05 1.2 1.2 0.08 1.4 5
-2.7 -5.4 0.05 1.2 1.2 0.08 1.4 5
-4.3 8.3 0.05 1.2 1.2 0.08 1.4 5
-1.3 1.6 0.05 1.2 1.2 0.08 1.4 5
-2.3 -2.4 0.05 1.2 1.2 0.08 1.4 5
2.5 3.7 0.05 1.2 1.2 0.08 1.4 5
8.8 0.7 0.05 1.2 1.2 0.08 1.4 5
-9.0 8.3 0.05 1.2 1.2 0.08 1.4 5