5.8 -7.3 0.05 0.08 0.08 0.08 0.002 1
5.9 -0.1 0.05 0.08 0.08 0.08 0.002 1
-3.8 5.9 0.05 0.08 0.08 0.08 0.002 1
-5.0 7.7 0.05 0.08 0.08 0.08 0.002 1
2.7 6.9 0.05 0.08 0.08 0.08 0.002 1
-6.3 -0.5 0.05 0.08 0.08 0.08 0.002 1
0.3 3.9 0.05 0.08 0.08 0.08 0.002 1
-4.1 4.0 0.05 0.08 0.08 0.08 0.002 1
2.7 0.4 0.05 0.08 0.08 0.08 0.002 1
7.4 5.8 0.05 0.08 0.08 0.08 0.002 1
-0.8 8.8 0.05 0.5 0.5 0.08 0.8 2
3.2 -5.3 0.05 0.5 0.5 0.08 0.8 2
6.6 7.5 0.05 0.5 0.5 0.08 0.8 2
-1.5 5.1 0.05 0.5 0.5 0.08 0.8 2
-0.6 -3.9 0.05 0.5 0.5 0.08 0.8 2
8.3 1.9 0.05 0.5 0.5 0.08 0.8 2
-2.0 -6.8 0.05 0.5 0.5 0.08 0.8 2
7.5 -1.9 0.05 0.5 0.5 0.08 0.8 2
-2.3 8.7 0.05 0.5 0.5 0.08 0.8 2
-5.1 3.7 0.05 0.5 0.5 0.08 0.8 2
-6.6 2.6 0.05 0.8 0.8 0.08 1 3
5.6 1.0 0.05 0.8 0.8 0.08 1 3
0.8 1.4 0.05 0.8 0.8 0.08 1 3
-8.3 5.0 0.05 0.8 0.8 0.08 1 3
-3.4 0.7 0.05 0.8 0.8 0.08 1 3
0.6 2.4 0.05 0.8 0.8 0.08 1 3
1.0 -6.4 0.05 0.8 0.8 0.08 1 3
-1.3 6.7 0.05 0.8 0.8 0.08 1 3
-6.5 1.5 0.05 0.8 0.8 0.08 1 3
9.2 -6.3 0.05 0.8 0.8 0.08 1 3
-3.7 -7.4 0.05 1 1 0.08 1.2 4
-2.9 2.8 0.05 1 1 0.08 1.2 4
4.4 -6.8 0.05 1 1 0.08 1.2 4
0.2 -0.8 0.05 1 1 0.08 1.2 4
-8.8 2.1 0.05 1 1 0.08 1.2 4
-0.8 -2.3 0.05 1 1 0.08 1.2 4
-8.4 6.3 0.05 1 1 0.08 1.2 4
2.0 -3.4 0.05 1 1 0.08 1.2 4
0.6 -4.3 0.05 1 1 0.08 1.2 4
9.3 -4.6 0.05 1 1 0.08 1.2 4
4.9 9.0 0.05 1.2 1.2 0.08 1.4 5
8.1 -3.6 0.05 1.2 1.2 0.08 1.4 5
-2.8 -4.0 0.05 1.2 1.2 0.08 1.4 5
-0.7 0.4 0.05 1.2 1.2 0.08 1.4 5
3.0 2.7 0.05 1.2 1.2 0.08 1.4 5
5.8 -3.0 0.05 1.2 1.2 0.08 1.4 5
0.7 8.4 0.05 1.2 1.2 0.08 1.4 5
-4.3 -3.0 0.05 1.2 1.2 0.08 1.4 5
7.7 8.3 0.05 1.2 1.2 0.08 1.4 5
-0.8 -5.3 0.05 1.2 1.2 0.08 1.4 5