2.0 3.0 0.05 0.08 0.08 0.08 0.002 1
-2.3 -1.8 0.05 0.08 0.08 0.08 0.002 1
7.4 7.5 0.05 0.08 0.08 0.08 0.002 1
1.2 3.7 0.05 0.08 0.08 0.08 0.002 1
-0.4 -5.2 0.05 0.08 0.08 0.08 0.002 1
2.1 8.2 0.05 0.08 0.08 0.08 0.002 1
9.1 4.4 0.05 0.08 0.08 0.08 0.002 1
6.4 7.1 0.05 0.08 0.08 0.08 0.002 1
-8.0 8.1 0.05 0.08 0.08 0.08 0.002 1
-3.2 -2.8 0.05 0.08 0.08 0.08 0.002 1
-6.5 6.9 0.05 0.5 0.5 0.08 0.8 2
-7.5 0.3 0.05 0.5 0.5 0.08 0.8 2
-2.9 6.3 0.05 0.5 0.5 0.08 0.8 2
8.7 6.7 0.05 0.5 0.5 0.08 0.8 2
5.5 -2.1 0.05 0.5 0.5 0.08 0.8 2
7.2 -2.4 0.05 0.5 0.5 0.08 0.8 2
-0.2 1.1 0.05 0.5 0.5 0.08 0.8 2
2.1 -6.2 0.05 0.5 0.5 0.08 0.8 2
-2.9 -5.8 0.05 0.5 0.5 0.08 0.8 2
0.4 -1.5 0.05 0.5 0.5 0.08 0.8 2
-1.0 5.2 0.05 0.8 0.8 0.08 1 3
1.4 1.6 0.05 0.8 0.8 0.08 1 3
1.8 0.1 0.05 0.8 0.8 0.08 1 3
4.9 -1.0 0.05 0.8 0.8 0.08 1 3
6.4 -0.6 0.05 0.8 0.8 0.08 1 3
3.4 -6.5 0.05 0.8 0.8 0.08 1 3
-9.4 -2.3 0.05 0.8 0.8 0.08 1 3
-7.2 2.6 0.05 0.8 0.8 0.08 1 3
-9.0 7.5 0.05 0.8 0.8 0.08 1 3
-2.5 1.3 0.05 0.8 0.8 0.08 1 3
2.2 4.2 0.05 1 1 0.08 1.2 4
-6.0 8.7 0.05 1 1 0.08 1.2 4
0.4 7.4 0.05 1 1 0.08 1.2 4
6.9 2.7 0.05 1 1 0.08 1.2 4
-9.4 8.5 0.05 1 1 0.08 1.2 4
-6.3 5.8 0.05 1 1 0.08 1.2 4
-0.6 2.3 0.05 1 1 0.08 1.2 4
-0.7 -2.7 0.05 1 1 0.08 1.2 4
-8.7 -4.7 0.05 1 1 0.08 1.2 4
8.2 3.2 0.05 1 1 0.08 1.2 4
2.8 -4.1 0.05 1.2 1.2 0.08 1.4 5
8.5 -3.6 0.05 1.2 1.2 0.08 1.4 5
-1.7 8.7 0.05 1.2 1.2 0.08 1.4 5
-8.7 2.9 0.05 1.2 1.2 0.08 1.4 5
-9.0 5.4 0.05 1.2 1.2 0.08 1.4 5
-4.0 0.4 0.05 1.2 1.2 0.08 1.4 5
-3.7 4.6 0.05 1.2 1.2 0.08 1.4 5
2.2 -1.6 0.05 1.2 1.2 0.08 1.4 5
-6.0 -0.6 0.05 1.2 1.2 0.08 1.4 5
3.7 2.2 0.05 1.2 1.2 0.08 1.4 5