-2.1 -5.7 0.05 0.08 0.08 0.08 0.002 1
-8.0 -1.8 0.05 0.08 0.08 0.08 0.002 1
-1.7 -3.1 0.05 0.08 0.08 0.08 0.002 1
3.4 -0.9 0.05 0.08 0.08 0.08 0.002 1
8.3 6.3 0.05 0.08 0.08 0.08 0.002 1
-6.3 -6.8 0.05 0.08 0.08 0.08 0.002 1
-7.8 -2.4 0.05 0.08 0.08 0.08 0.002 1
-1.6 2.8 0.05 0.08 0.08 0.08 0.002 1
-6.0 -3.5 0.05 0.08 0.08 0.08 0.002 1
-3.5 3.2 0.05 0.08 0.08 0.08 0.002 1
1.3 0.1 0.05 0.5 0.5 0.08 0.8 2
4.0 -4.3 0.05 0.5 0.5 0.08 0.8 2
7.7 -3.1 0.05 0.5 0.5 0.08 0.8 2
4.7 4.7 0.05 0.5 0.5 0.08 0.8 2
0.9 -4.6 0.05 0.5 0.5 0.08 0.8 2
7.4 0.0 0.05 0.5 0.5 0.08 0.8 2
-8.4 2.3 0.05 0.5 0.5 0.08 0.8 2
-2.5 -4.4 0.05 0.5 0.5 0.08 0.8 2
6.8 2.1 0.05 0.5 0.5 0.08 0.8 2
-4.7 -0.2 0.05 0.5 0.5 0.08 0.8 2
3.0 1.4 0.05 0.8 0.8 0.08 1 3
7.7 3.3 0.05 0.8 0.8 0.08 1 3
0.4 3.0 0.05 0.8 0.8 0.08 1 3
-9.0 -5.1 0.05 0.8 0.8 0.08 1 3
-9.4 6.1 0.05 0.8 0.8 0.08 1 3
0.0 1.4 0.05 0.8 0.8 0.08 1 3
-3.2 5.3 0.05 0.8 0.8 0.08 1 3
5.7 -6.1 0.05 0.8 0.8 0.08 1 3
-8.5 5.0 0.05 0.8 0.8 0.08 1 3
5.0 7.3 0.05 0.8 0.8 0.08 1 3
-4.4 -3.5 0.05 1 1 0.08 1.2 4
8.4 -1.7 0.05 1 1 0.08 1.2 4
-3.4 -2.2 0.05 1 1 0.08 1.2 4
0.0 -3.0 0.05 1 1 0.08 1.2 4
-0.7 -6.1 0.05 1 1 0.08 1.2 4
1.6 5.9 0.05 1 1 0.08 1.2 4
-8.8 0.8 0.05 1 1 0.08 1.2 4
-4.0 7.0 0.05 1 1 0.08 1.2 4
3.8 8.8 0.05 1 1 0.08 1.2 4
2.0 -3.0 0.05 1 1 0.08 1.2 4
3.7 -2.2 0.05 1.2 1.2 0.08 1.4 5
-4.1 -5.6 0.05 1.2 1.2 0.08 1.4 5
-1.5 4.8 0.05 1.2 1.2 0.08 1.4 5
7.6 8.6 0.05 1.2 1.2 0.08 1.4 5
-9.1 -7.5 0.05 1.2 1.2 0.08 1.4 5
9.0 1.7 0.05 1.2 1.2 0.08 1.4 5
-7.0 1.5 0.05 1.2 1.2 0.08 1.4 5
8.8 3.0 0.05 1.2 1.2 0.08 1.4 5
-4.6 -7.1 0.05 1.2 1.2 0.08 1.4 5
6.0 -0.1 0.05 1.2 1.2 0.08 1.4 5