3.5 -0.5 0.05 0.08 0.08 0.08 0.002 1
-7.5 -2.9 0.05 0.08 0.08 0.08 0.002 1
-2.0 -1.1 0.05 0.08 0.08 0.08 0.002 1
6.7 0.3 0.05 0.08 0.08 0.08 0.002 1
3.8 2.0 0.05 0.08 0.08 0.08 0.002 1
7.8 4.3 0.05 0.08 0.08 0.08 0.002 1
-1.5 -4.7 0.05 0.08 0.08 0.08 0.002 1
2.7 2.8 0.05 0.08 0.08 0.08 0.002 1
1.7 7.9 0.05 0.08 0.08 0.08 0.002 1
6.3 9.4 0.05 0.08 0.08 0.08 0.002 1
-7.6 4.0 0.05 0.5 0.5 0.08 0.8 2
6.1 -3.4 0.05 0.5 0.5 0.08 0.8 2
0.2 6.7 0.05 0.5 0.5 0.08 0.8 2
8.3 -4.0 0.05 0.5 0.5 0.08 0.8 2
-9.0 1.0 0.05 0.5 0.5 0.08 0.8 2
6.6 5.4 0.05 0.5 0.5 0.08 0.8 2
-5.0 6.9 0.05 0.5 0.5 0.08 0.8 2
6.0 -7.5 0.05 0.5 0.5 0.08 0.8 2
-8.8 -1.6 0.05 0.5 0.5 0.08 0.8 2
3.0 5.5 0.05 0.5 0.5 0.08 0.8 2
-7.1 -7.3 0.05 0.8 0.8 0.08 1 3
-2.3 -3.7 0.05 0.8 0.8 0.08 1 3
-6.1 3.7 0.05 0.8 0.8 0.08 1 3
4.0 -2.2 0.05 0.8 0.8 0.08 1 3
-2.4 3.7 0.05 0.8 0.8 0.08 1 3
-7.1 -4.4 0.05 0.8 0.8 0.08 1 3
-2.3 7.2 0.05 0.8 0.8 0.08 1 3
-6.9 0.3 0.05 0.8 0.8 0.08 1 3
1.6 -2.2 0.05 0.8 0.8 0.08 1 3
5.4 5.6 0.05 0.8 0.8 0.08 1 3
8.9 7.5 0.05 1 1 0.08 1.2 4
2.9 -2.4 0.05 1 1 0.08 1.2 4
-4.2 4.9 0.05 1 1 0.08 1.2 4
-1.1 4.7 0.05 1 1 0.08 1.2 4
-3.0 -5.1 0.05 1 1 0.08 1.2 4
-9.4 8.4 0.05 1 1 0.08 1.2 4
6.0 2.3 0.05 1 1 0.08 1.2 4
8.9 8.5 0.05 1 1 0.08 1.2 4
4.4 6.9 0.05 1 1 0.08 1.2 4
2.5 -5.1 0.05 1 1 0.08 1.2 4
-4.5 -6.9 0.05 1.2 1.2 0.08 1.4 5
0.1 2.2 0.05 1.2 1.2 0.08 1.4 5
3.1 -3.7 0.05 1.2 1.2 0.08 1.4 5
-8.9 5.5 0.05 1.2 1.2 0.08 1.4 5
-8.0 6.8 0.05 1.2 1.2 0.08 1.4 5
-4.2 -1.9 0.05 1.2 1.2 0.08 1.4 5
-7.1 2.3 0.05 1.2 1.2 0.08 1.4 5
-6.3 4.9 0.05 1.2 1.2 0.08 1.4 5
-3.1 -6.9 0.05 1.2 1.2 0.08 1.4 5
4.0 8.9 0.05 1.2 1.2 0.08 1.4 5