-1.5 6.1 0.05 0.15 0.15 0.08 5.56 1
0.9 -5.0 0.05 0.15 0.15 0.08 5.56 1
8.8 3.4 0.05 0.15 0.15 0.08 5.56 1
-7.4 -1.7 0.05 0.15 0.15 0.08 5.56 1
-4.7 -2.2 0.05 0.15 0.15 0.08 5.56 1
5.2 0.4 0.05 0.15 0.15 0.08 5.56 1
-8.7 -6.4 0.05 0.15 0.15 0.08 5.56 1
6.3 6.9 0.05 0.15 0.15 0.08 5.56 1
-6.4 0.7 0.05 0.15 0.15 0.08 5.56 1
9.1 -3.3 0.05 0.15 0.15 0.08 5.56 1
-8.0 6.2 0.05 0.5 0.5 0.08 1.2 2
-7.8 5.3 0.05 0.5 0.5 0.08 1.2 2
-0.9 8.6 0.05 0.5 0.5 0.08 1.2 2
2.5 0.2 0.05 0.5 0.5 0.08 1.2 2
2.9 7.1 0.05 0.5 0.5 0.08 1.2 2
-2.6 -2.1 0.05 0.5 0.5 0.08 1.2 2
-7.4 -2.6 0.05 0.5 0.5 0.08 1.2 2
4.3 -7.4 0.05 0.5 0.5 0.08 1.2 2
-6.8 -0.8 0.05 0.5 0.5 0.08 1.2 2
6.4 -2.1 0.05 0.5 0.5 0.08 1.2 2
-5.7 8.4 0.05 0.8 0.8 0.08 1.4 3
-6.8 7.4 0.05 0.8 0.8 0.08 1.4 3
1.2 8.6 0.05 0.8 0.8 0.08 1.4 3
-1.8 3.9 0.05 0.8 0.8 0.08 1.4 3
3.2 8.4 0.05 0.8 0.8 0.08 1.4 3
-9.1 3.8 0.05 0.8 0.8 0.08 1.4 3
2.5 -5.9 0.05 0.8 0.8 0.08 1.4 3
-3.0 -4.1 0.05 0.8 0.8 0.08 1.4 3
-3.9 4.7 0.05 0.8 0.8 0.08 1.4 3
-0.7 -5.1 0.05 0.8 0.8 0.08 1.4 3
-4.2 2.4 0.05 1 1 0.08 1.6 4
-3.0 -0.3 0.05 1 1 0.08 1.6 4
-1.5 -2.5 0.05 1 1 0.08 1.6 4
1.3 7.3 0.05 1 1 0.08 1.6 4
-5.9 3.7 0.05 1 1 0.08 1.6 4
4.5 1.7 0.05 1 1 0.08 1.6 4
8.1 -0.8 0.05 1 1 0.08 1.6 4
-1.7 -0.8 0.05 1 1 0.08 1.6 4
1.5 0.6 0.05 1 1 0.08 1.6 4
7.6 5.7 0.05 1 1 0.08 1.6 4
5.5 -4.9 0.05 1.2 1.2 0.08 1.8 5
0.9 4.0 0.05 1.2 1.2 0.08 1.8 5
3.8 -5.3 0.05 1.2 1.2 0.08 1.8 5
6.8 -6.1 0.05 1.2 1.2 0.08 1.8 5
5.4 5.4 0.05 1.2 1.2 0.08 1.8 5
-7.5 9.0 0.05 1.2 1.2 0.08 1.8 5
-0.7 -7.1 0.05 1.2 1.2 0.08 1.8 5
0.4 2.6 0.05 1.2 1.2 0.08 1.8 5
-3.4 -5.2 0.05 1.2 1.2 0.08 1.8 5
-7.9 2.7 0.05 1.2 1.2 0.08 1.8 5