-3.0 -5.5 0.05 0.08 0.08 0.08 0.4 1
-0.7 1.3 0.05 0.08 0.08 0.08 0.4 1
8.4 6.5 0.05 0.08 0.08 0.08 0.4 1
-1.8 2.7 0.05 0.08 0.08 0.08 0.4 1
-5.0 -1.0 0.05 0.08 0.08 0.08 0.4 1
-0.4 -1.4 0.05 0.08 0.08 0.08 0.4 1
7.9 5.3 0.05 0.08 0.08 0.08 0.4 1
-2.4 2.9 0.05 0.08 0.08 0.08 0.4 1
-2.9 -3.6 0.05 0.08 0.08 0.08 0.4 1
0.5 -6.2 0.05 0.08 0.08 0.08 0.4 1
-4.7 7.3 0.05 0.5 0.5 0.08 0.8 2
-3.4 -1.2 0.05 0.5 0.5 0.08 0.8 2
4.8 9.0 0.05 0.5 0.5 0.08 0.8 2
-9.3 -2.3 0.05 0.5 0.5 0.08 0.8 2
8.8 -3.4 0.05 0.5 0.5 0.08 0.8 2
7.9 -3.6 0.05 0.5 0.5 0.08 0.8 2
3.7 -7.1 0.05 0.5 0.5 0.08 0.8 2
-9.5 7.7 0.05 0.5 0.5 0.08 0.8 2
-4.5 6.3 0.05 0.5 0.5 0.08 0.8 2
-8.3 1.0 0.05 0.5 0.5 0.08 0.8 2
-0.2 9.0 0.05 0.8 0.8 0.08 1 3
-3.2 5.4 0.05 0.8 0.8 0.08 1 3
0.2 0.1 0.05 0.8 0.8 0.08 1 3
6.9 5.0 0.05 0.8 0.8 0.08 1 3
-6.9 9.1 0.05 0.8 0.8 0.08 1 3
-0.3 3.2 0.05 0.8 0.8 0.08 1 3
7.2 -2.1 0.05 0.8 0.8 0.08 1 3
-6.8 5.8 0.05 0.8 0.8 0.08 1 3
7.3 -7.5 0.05 0.8 0.8 0.08 1 3
5.0 8.0 0.05 0.8 0.8 0.08 1 3
-5.7 -3.4 0.05 1 1 0.08 1.2 4
-1.7 -2.3 0.05 1 1 0.08 1.2 4
-7.1 -2.4 0.05 1 1 0.08 1.2 4
1.4 2.7 0.05 1 1 0.08 1.2 4
9.3 -2.3 0.05 1 1 0.08 1.2 4
-7.2 0.1 0.05 1 1 0.08 1.2 4
4.7 5.0 0.05 1 1 0.08 1.2 4
-4.3 -5.4 0.05 1 1 0.08 1.2 4
1.7 0.9 0.05 1 1 0.08 1.2 4
-1.8 5.6 0.05 1 1 0.08 1.2 4
0.5 -4.8 0.05 1.2 1.2 0.08 1.4 5
-4.6 4.9 0.05 1.2 1.2 0.08 1.4 5
5.5 -7.4 0.05 1.2 1.2 0.08 1.4 5
-3.0 1.7 0.05 1.2 1.2 0.08 1.4 5
8.4 0.0 0.05 1.2 1.2 0.08 1.4 5
-0.3 4.6 0.05 1.2 1.2 0.08 1.4 5
-7.9 3.3 0.05 1.2 1.2 0.08 1.4 5
-2.8 -0.0 0.05 1.2 1.2 0.08 1.4 5
5.3 -1.5 0.05 1.2 1.2 0.08 1.4 5
8.8 3.6 0.05 1.2 1.2 0.08 1.4 5