-1.1 -1.9 0.05 0.1 0.1 0.08 1.4 1
4.7 5.7 0.05 0.1 0.1 0.08 1.4 1
-8.6 6.9 0.05 0.1 0.1 0.08 1.4 1
0.1 -6.2 0.05 0.1 0.1 0.08 1.4 1
8.4 -2.3 0.05 0.1 0.1 0.08 1.4 1
9.2 -1.0 0.05 0.1 0.1 0.08 1.4 1
4.5 7.7 0.05 0.1 0.1 0.08 1.4 1
-0.0 -1.7 0.05 0.1 0.1 0.08 1.4 1
-4.9 7.4 0.05 0.1 0.1 0.08 1.4 1
5.4 6.2 0.05 0.1 0.1 0.08 1.4 1
8.1 6.8 0.05 0.5 0.5 0.08 0.8 2
8.5 1.3 0.05 0.5 0.5 0.08 0.8 2
0.2 7.6 0.05 0.5 0.5 0.08 0.8 2
-9.4 7.7 0.05 0.5 0.5 0.08 0.8 2
6.4 6.4 0.05 0.5 0.5 0.08 0.8 2
-5.8 -7.5 0.05 0.5 0.5 0.08 0.8 2
1.0 5.6 0.05 0.5 0.5 0.08 0.8 2
7.1 8.1 0.05 0.5 0.5 0.08 0.8 2
-0.8 8.1 0.05 0.5 0.5 0.08 0.8 2
2.2 -5.9 0.05 0.5 0.5 0.08 0.8 2
-3.7 0.5 0.05 0.8 0.8 0.08 1 3
1.4 -2.1 0.05 0.8 0.8 0.08 1 3
-6.6 -4.2 0.05 0.8 0.8 0.08 1 3
0.3 4.1 0.05 0.8 0.8 0.08 1 3
4.5 1.0 0.05 0.8 0.8 0.08 1 3
-5.5 -2.5 0.05 0.8 0.8 0.08 1 3
1.7 8.6 0.05 0.8 0.8 0.08 1 3
-7.6 -0.8 0.05 0.8 0.8 0.08 1 3
-8.1 -2.9 0.05 0.8 0.8 0.08 1 3
-8.5 -1.9 0.05 0.8 0.8 0.08 1 3
-2.2 -3.7 0.05 1 1 0.08 1.2 4
-5.5 6.1 0.05 1 1 0.08 1.2 4
-0.1 1.3 0.05 1 1 0.08 1.2 4
-5.3 9.3 0.05 1 1 0.08 1.2 4
-0.7 2.5 0.05 1 1 0.08 1.2 4
-2.2 3.4 0.05 1 1 0.08 1.2 4
9.2 5.8 0.05 1 1 0.08 1.2 4
-8.2 -5.7 0.05 1 1 0.08 1.2 4
-7.6 8.9 0.05 1 1 0.08 1.2 4
-0.7 9.5 0.05 1 1 0.08 1.2 4
4.1 -6.6 0.05 1.2 1.2 0.08 1.4 5
-3.5 -4.1 0.05 1.2 1.2 0.08 1.4 5
2.9 8.9 0.05 1.2 1.2 0.08 1.4 5
5.7 -1.8 0.05 1.2 1.2 0.08 1.4 5
1.3 2.1 0.05 1.2 1.2 0.08 1.4 5
8.1 3.9 0.05 1.2 1.2 0.08 1.4 5
-3.3 1.8 0.05 1.2 1.2 0.08 1.4 5
8.9 -4.4 0.05 1.2 1.2 0.08 1.4 5
-2.4 5.7 0.05 1.2 1.2 0.08 1.4 5
-7.2 2.7 0.05 1.2 1.2 0.08 1.4 5