-0.7 5.0 0.05 0.1 0.1 0.08 1.4 1
-5.9 2.6 0.05 0.1 0.1 0.08 1.4 1
-8.7 9.4 0.05 0.1 0.1 0.08 1.4 1
-8.3 2.6 0.05 0.1 0.1 0.08 1.4 1
2.3 -6.0 0.05 0.1 0.1 0.08 1.4 1
-4.0 7.4 0.05 0.1 0.1 0.08 1.4 1
-9.1 0.1 0.05 0.1 0.1 0.08 1.4 1
-1.5 -1.2 0.05 0.1 0.1 0.08 1.4 1
-5.9 -4.3 0.05 0.1 0.1 0.08 1.4 1
1.3 -6.9 0.05 0.1 0.1 0.08 1.4 1
-8.2 -2.5 0.05 0.5 0.5 0.08 0.8 2
-5.9 8.0 0.05 0.5 0.5 0.08 0.8 2
-2.2 7.3 0.05 0.5 0.5 0.08 0.8 2
-5.7 8.8 0.05 0.5 0.5 0.08 0.8 2
5.4 8.2 0.05 0.5 0.5 0.08 0.8 2
3.2 3.9 0.05 0.5 0.5 0.08 0.8 2
0.1 3.4 0.05 0.5 0.5 0.08 0.8 2
3.2 -0.8 0.05 0.5 0.5 0.08 0.8 2
-1.0 -2.8 0.05 0.5 0.5 0.08 0.8 2
9.4 -6.1 0.05 0.5 0.5 0.08 0.8 2
8.9 2.2 0.05 0.8 0.8 0.08 1 3
9.0 5.9 0.05 0.8 0.8 0.08 1 3
0.1 7.0 0.05 0.8 0.8 0.08 1 3
2.8 8.5 0.05 0.8 0.8 0.08 1 3
-0.6 9.3 0.05 0.8 0.8 0.08 1 3
-9.2 -4.2 0.05 0.8 0.8 0.08 1 3
-4.0 2.0 0.05 0.8 0.8 0.08 1 3
-6.1 5.2 0.05 0.8 0.8 0.08 1 3
4.5 -0.9 0.05 0.8 0.8 0.08 1 3
8.6 -3.2 0.05 0.8 0.8 0.08 1 3
0.0 -1.6 0.05 1 1 0.08 1.2 4
-7.6 -1.2 0.05 1 1 0.08 1.2 4
7.6 0.4 0.05 1 1 0.08 1.2 4
7.8 8.2 0.05 1 1 0.08 1.2 4
-7.2 1.5 0.05 1 1 0.08 1.2 4
5.1 -6.9 0.05 1 1 0.08 1.2 4
-2.3 1.8 0.05 1 1 0.08 1.2 4
1.4 8.8 0.05 1 1 0.08 1.2 4
-6.8 0.0 0.05 1 1 0.08 1.2 4
7.9 -7.3 0.05 1 1 0.08 1.2 4
6.7 2.5 0.05 1.2 1.2 0.08 1.4 5
2.9 1.7 0.05 1.2 1.2 0.08 1.4 5
6.8 6.4 0.05 1.2 1.2 0.08 1.4 5
-8.3 5.3 0.05 1.2 1.2 0.08 1.4 5
3.7 6.8 0.05 1.2 1.2 0.08 1.4 5
7.4 -2.4 0.05 1.2 1.2 0.08 1.4 5
-3.6 -0.2 0.05 1.2 1.2 0.08 1.4 5
-4.6 -6.9 0.05 1.2 1.2 0.08 1.4 5
0.4 -4.2 0.05 1.2 1.2 0.08 1.4 5
-0.8 0.8 0.05 1.2 1.2 0.08 1.4 5