1.7 3.9 0.05 0.15 0.15 0.08 5.56 1
-4.8 2.3 0.05 0.15 0.15 0.08 5.56 1
0.2 1.0 0.05 0.15 0.15 0.08 5.56 1
-8.7 -3.1 0.05 0.15 0.15 0.08 5.56 1
5.2 3.5 0.05 0.15 0.15 0.08 5.56 1
0.3 -0.4 0.05 0.15 0.15 0.08 5.56 1
-5.5 6.8 0.05 0.15 0.15 0.08 5.56 1
-5.8 -1.5 0.05 0.15 0.15 0.08 5.56 1
-5.9 1.3 0.05 0.15 0.15 0.08 5.56 1
-9.1 -6.9 0.05 0.15 0.15 0.08 5.56 1
1.1 -3.0 0.05 0.5 0.5 0.08 1.2 2
-4.2 -7.0 0.05 0.5 0.5 0.08 1.2 2
-6.8 5.5 0.05 0.5 0.5 0.08 1.2 2
-4.3 -5.0 0.05 0.5 0.5 0.08 1.2 2
7.1 -5.7 0.05 0.5 0.5 0.08 1.2 2
-7.8 5.7 0.05 0.5 0.5 0.08 1.2 2
-1.1 8.7 0.05 0.5 0.5 0.08 1.2 2
5.0 6.1 0.05 0.5 0.5 0.08 1.2 2
5.7 -3.1 0.05 0.5 0.5 0.08 1.2 2
8.2 -6.2 0.05 0.5 0.5 0.08 1.2 2
-4.3 -3.4 0.05 0.8 0.8 0.08 1.4 3
-0.7 -5.7 0.05 0.8 0.8 0.08 1.4 3
7.5 4.1 0.05 0.8 0.8 0.08 1.4 3
5.3 9.5 0.05 0.8 0.8 0.08 1.4 3
-2.8 5.9 0.05 0.8 0.8 0.08 1.4 3
-7.2 9.4 0.05 0.8 0.8 0.08 1.4 3
8.1 -0.5 0.05 0.8 0.8 0.08 1.4 3
-8.2 0.2 0.05 0.8 0.8 0.08 1.4 3
9.2 0.7 0.05 0.8 0.8 0.08 1.4 3
-5.3 -6.9 0.05 0.8 0.8 0.08 1.4 3
-4.1 5.1 0.05 1 1 0.08 1.6 4
8.7 7.2 0.05 1 1 0.08 1.6 4
-2.8 -3.7 0.05 1 1 0.08 1.6 4
-2.5 8.8 0.05 1 1 0.08 1.6 4
0.7 6.9 0.05 1 1 0.08 1.6 4
-9.0 7.3 0.05 1 1 0.08 1.6 4
-0.0 -6.9 0.05 1 1 0.08 1.6 4
-6.9 2.7 0.05 1 1 0.08 1.6 4
6.0 5.1 0.05 1 1 0.08 1.6 4
3.8 0.1 0.05 1 1 0.08 1.6 4
8.9 3.7 0.05 1.2 1.2 0.08 1.8 5
-8.0 -1.6 0.05 1.2 1.2 0.08 1.8 5
4.1 3.5 0.05 1.2 1.2 0.08 1.8 5
-0.8 -2.2 0.05 1.2 1.2 0.08 1.8 5
5.9 8.0 0.05 1.2 1.2 0.08 1.8 5
-3.6 1.3 0.05 1.2 1.2 0.08 1.8 5
-2.1 -1.5 0.05 1.2 1.2 0.08 1.8 5
4.3 -5.4 0.05 1.2 1.2 0.08 1.8 5
3.9 9.0 0.05 1.2 1.2 0.08 1.8 5
6.8 -0.2 0.05 1.2 1.2 0.08 1.8 5