-5.3 5.8 0.05 0.15 0.15 0.08 5.56 1
3.3 -0.5 0.05 0.15 0.15 0.08 5.56 1
-2.7 0.4 0.05 0.15 0.15 0.08 5.56 1
8.0 3.3 0.05 0.15 0.15 0.08 5.56 1
2.2 0.9 0.05 0.15 0.15 0.08 5.56 1
-5.4 6.8 0.05 0.15 0.15 0.08 5.56 1
1.9 2.3 0.05 0.15 0.15 0.08 5.56 1
-7.3 -4.7 0.05 0.15 0.15 0.08 5.56 1
-8.5 7.7 0.05 0.15 0.15 0.08 5.56 1
-0.8 0.0 0.05 0.15 0.15 0.08 5.56 1
2.2 -6.7 0.05 0.15 0.15 0.08 5.56 1
3.2 6.0 0.05 0.15 0.15 0.08 5.56 1
-9.4 -3.0 0.05 0.15 0.15 0.08 5.56 1
3.9 8.4 0.05 0.15 0.15 0.08 5.56 1
0.6 9.2 0.05 0.15 0.15 0.08 5.56 1
-3.9 -6.6 0.05 0.15 0.15 0.08 5.56 1
-0.7 8.8 0.05 0.15 0.15 0.08 5.56 1
-2.8 5.3 0.05 0.15 0.15 0.08 5.56 1
5.6 -3.3 0.05 0.15 0.15 0.08 5.56 1
6.5 -6.2 0.05 0.15 0.15 0.08 5.56 1
-5.1 9.0 0.05 0.15 0.15 0.08 5.56 1
-3.0 3.6 0.05 0.15 0.15 0.08 5.56 1
-1.5 0.9 0.05 0.15 0.15 0.08 5.56 1
-4.3 5.1 0.05 0.15 0.15 0.08 5.56 1
6.7 5.2 0.05 0.15 0.15 0.08 5.56 1
8.2 -0.8 0.05 0.15 0.15 0.08 5.56 1
-8.5 -1.4 0.05 0.15 0.15 0.08 5.56 1
-5.0 -3.9 0.05 0.15 0.15 0.08 5.56 1
6.2 3.6 0.05 0.15 0.15 0.08 5.56 1
-6.3 -4.1 0.05 0.15 0.15 0.08 5.56 1
0.8 8.0 0.05 0.15 0.15 0.08 5.56 2
-7.6 6.5 0.05 0.15 0.15 0.08 5.56 2
-3.0 7.0 0.05 0.15 0.15 0.08 5.56 2
4.3 0.2 0.05 0.15 0.15 0.08 5.56 2
1.8 4.2 0.05 0.15 0.15 0.08 5.56 2
-6.4 7.8 0.05 0.15 0.15 0.08 5.56 2
3.5 -5.2 0.05 0.15 0.15 0.08 5.56 2
-0.3 7.0 0.05 0.15 0.15 0.08 5.56 2
3.0 4.2 0.05 0.15 0.15 0.08 5.56 2
-6.4 3.0 0.05 0.15 0.15 0.08 5.56 2
-4.7 1.8 0.05 0.15 0.15 0.08 5.56 2
7.3 -5.2 0.05 0.15 0.15 0.08 5.56 2
8.1 9.4 0.05 0.15 0.15 0.08 5.56 2
4.1 1.4 0.05 0.15 0.15 0.08 5.56 2
-5.5 -4.9 0.05 0.15 0.15 0.08 5.56 2
-7.4 0.3 0.05 0.15 0.15 0.08 5.56 2
-2.3 6.5 0.05 0.15 0.15 0.08 5.56 2
6.3 1.0 0.05 0.15 0.15 0.08 5.56 2
-8.9 5.5 0.05 0.15 0.15 0.08 5.56 2
-2.1 -0.7 0.05 0.15 0.15 0.08 5.56 2
-8.6 8.5 0.05 0.15 0.15 0.08 5.56 2
-1.9 9.2 0.05 0.15 0.15 0.08 5.56 2
-2.2 3.9 0.05 0.15 0.15 0.08 5.56 2
-8.6 -4.0 0.05 0.15 0.15 0.08 5.56 2
-3.2 1.9 0.05 0.15 0.15 0.08 5.56 2
-1.4 3.9 0.05 0.15 0.15 0.08 5.56 2
3.1 -2.4 0.05 0.15 0.15 0.08 5.56 2
-8.0 -6.1 0.05 0.15 0.15 0.08 5.56 2
6.9 1.9 0.05 0.15 0.15 0.08 5.56 2
-7.5 -6.8 0.05 0.15 0.15 0.08 5.56 2
2.8 -4.7 0.05 0.15 0.15 0.08 5.56 3
-5.3 5.1 0.05 0.15 0.15 0.08 5.56 3
-7.1 7.8 0.05 0.15 0.15 0.08 5.56 3
-1.0 7.8 0.05 0.15 0.15 0.08 5.56 3
5.5 -2.7 0.05 0.15 0.15 0.08 5.56 3
-5.4 8.0 0.05 0.15 0.15 0.08 5.56 3
-4.5 -3.2 0.05 0.15 0.15 0.08 5.56 3
-5.9 -1.5 0.05 0.15 0.15 0.08 5.56 3
-4.6 3.4 0.05 0.15 0.15 0.08 5.56 3
2.5 9.2 0.05 0.15 0.15 0.08 5.56 3
9.2 -1.4 0.05 0.15 0.15 0.08 5.56 3
-5.7 -3.9 0.05 0.15 0.15 0.08 5.56 3
8.1 8.6 0.05 0.15 0.15 0.08 5.56 3
7.0 0.8 0.05 0.15 0.15 0.08 5.56 3
6.4 7.9 0.05 0.15 0.15 0.08 5.56 3
-4.9 4.4 0.05 0.15 0.15 0.08 5.56 3
-1.5 -5.6 0.05 0.15 0.15 0.08 5.56 3
-0.5 -7.0 0.05 0.15 0.15 0.08 5.56 3
-6.0 -0.3 0.05 0.15 0.15 0.08 5.56 3
-0.7 -1.8 0.05 0.15 0.15 0.08 5.56 3
9.1 0.4 0.05 0.15 0.15 0.08 5.56 3
-8.2 6.6 0.05 0.15 0.15 0.08 5.56 3
-4.4 -0.6 0.05 0.15 0.15 0.08 5.56 3
-7.0 1.9 0.05 0.15 0.15 0.08 5.56 3
2.1 3.1 0.05 0.15 0.15 0.08 5.56 3
0.1 3.3 0.05 0.15 0.15 0.08 5.56 3
7.9 0.5 0.05 0.15 0.15 0.08 5.56 3
8.3 -1.9 0.05 0.15 0.15 0.08 5.56 3
6.1 8.6 0.05 0.15 0.15 0.08 5.56 3
1.4 7.9 0.05 0.15 0.15 0.08 5.56 3
2.1 -0.8 0.05 0.15 0.15 0.08 5.56 4
6.2 -7.2 0.05 0.15 0.15 0.08 5.56 4
-1.3 -1.4 0.05 0.15 0.15 0.08 5.56 4
4.9 -3.0 0.05 0.15 0.15 0.08 5.56 4
4.4 5.4 0.05 0.15 0.15 0.08 5.56 4
4.9 0.2 0.05 0.15 0.15 0.08 5.56 4
0.4 -7.1 0.05 0.15 0.15 0.08 5.56 4
7.3 -5.8 0.05 0.15 0.15 0.08 5.56 4
6.9 -0.1 0.05 0.15 0.15 0.08 5.56 4
7.0 3.0 0.05 0.15 0.15 0.08 5.56 4
-1.9 3.1 0.05 0.15 0.15 0.08 5.56 4
3.9 -7.2 0.05 0.15 0.15 0.08 5.56 4
-1.3 -5.0 0.05 0.15 0.15 0.08 5.56 4
5.4 -1.7 0.05 0.15 0.15 0.08 5.56 4
-4.6 -7.3 0.05 0.15 0.15 0.08 5.56 4
5.6 -4.9 0.05 0.15 0.15 0.08 5.56 4
-1.7 0.3 0.05 0.15 0.15 0.08 5.56 4
6.2 2.5 0.05 0.15 0.15 0.08 5.56 4
-2.3 7.5 0.05 0.15 0.15 0.08 5.56 4
-8.9 9.1 0.05 0.15 0.15 0.08 5.56 4
7.6 7.3 0.05 0.15 0.15 0.08 5.56 4
-3.1 -0.7 0.05 0.15 0.15 0.08 5.56 4
3.0 7.6 0.05 0.15 0.15 0.08 5.56 4
-1.5 8.5 0.05 0.15 0.15 0.08 5.56 4
8.2 5.3 0.05 0.15 0.15 0.08 5.56 4
-7.9 2.5 0.05 0.15 0.15 0.08 5.56 4
0.2 -2.9 0.05 0.15 0.15 0.08 5.56 4
3.1 2.2 0.05 0.15 0.15 0.08 5.56 4
0.7 -4.1 0.05 0.15 0.15 0.08 5.56 4
8.9 -5.2 0.05 0.15 0.15 0.08 5.56 4
-8.3 -0.2 0.05 0.15 0.15 0.08 5.56 5
1.3 6.2 0.05 0.15 0.15 0.08 5.56 5
2.1 -4.3 0.05 0.15 0.15 0.08 5.56 5
-9.2 8.0 0.05 0.15 0.15 0.08 5.56 5
-7.3 1.2 0.05 0.15 0.15 0.08 5.56 5
5.6 8.0 0.05 0.15 0.15 0.08 5.56 5
-1.7 -3.2 0.05 0.15 0.15 0.08 5.56 5
1.5 -3.2 0.05 0.15 0.15 0.08 5.56 5
-3.3 -1.8 0.05 0.15 0.15 0.08 5.56 5
-6.3 -2.2 0.05 0.15 0.15 0.08 5.56 5
3.1 -3.0 0.05 0.15 0.15 0.08 5.56 5
4.0 3.7 0.05 0.15 0.15 0.08 5.56 5
-3.3 6.0 0.05 0.15 0.15 0.08 5.56 5
-1.5 -7.3 0.05 0.15 0.15 0.08 5.56 5
2.1 -2.6 0.05 0.15 0.15 0.08 5.56 5
7.6 4.0 0.05 0.15 0.15 0.08 5.56 5
7.6 -0.4 0.05 0.15 0.15 0.08 5.56 5
9.2 -4.6 0.05 0.15 0.15 0.08 5.56 5
-5.5 -6.7 0.05 0.15 0.15 0.08 5.56 5
3.9 -1.9 0.05 0.15 0.15 0.08 5.56 5
2.7 -3.9 0.05 0.15 0.15 0.08 5.56 5
7.6 2.1 0.05 0.15 0.15 0.08 5.56 5
9.1 1.7 0.05 0.15 0.15 0.08 5.56 5
-4.8 -1.4 0.05 0.15 0.15 0.08 5.56 5
4.5 6.4 0.05 0.15 0.15 0.08 5.56 5
-0.3 -3.8 0.05 0.15 0.15 0.08 5.56 5
-2.4 -2.6 0.05 0.15 0.15 0.08 5.56 5
4.3 -2.7 0.05 0.15 0.15 0.08 5.56 5
8.1 -4.9 0.05 0.15 0.15 0.08 5.56 5
-5.9 3.7 0.05 0.15 0.15 0.08 5.56 5