-1.5 1.2 1 0.05 0.05 0.05 0.002 1
-0.5 0.8 1 0.05 0.05 0.05 0.002 1
1.8 -0.3 1 0.05 0.05 0.05 0.002 1
-0.0 -0.8 1 0.05 0.05 0.05 0.002 1
-1.0 -0.4 1 0.05 0.05 0.05 0.002 1
1.6 1.5 1 0.05 0.05 0.05 0.002 1
1.5 0.6 1 0.05 0.05 0.05 0.002 1
1.3 0.9 1 0.05 0.05 0.05 0.002 1
-0.2 0.2 1 0.05 0.05 0.05 0.002 1
0.3 1.1 1 0.05 0.05 0.05 0.002 1
-0.2 0.5 1 0.05 0.05 0.05 0.002 1
-0.9 2.1 1 0.05 0.05 0.05 0.002 1
2.4 1.1 1 0.05 0.05 0.05 0.002 1
2.1 0.8 1 0.05 0.05 0.05 0.002 1
1.5 0.1 1 0.05 0.05 0.05 0.002 1
-0.6 0.8 1 0.05 0.05 0.05 0.002 1
0.7 -0.7 1 0.05 0.05 0.05 0.002 1
0.4 -0.6 1 0.05 0.05 0.05 0.002 1
-0.2 0.9 1 0.05 0.05 0.05 0.002 1
1.7 0.9 1 0.05 0.05 0.05 0.002 1
1.4 1.4 0.2 0.4 0.05 0.05 1 2
0.2 1.2 0.2 0.4 0.05 0.05 1 2
1.7 0.6 0.2 0.4 0.05 0.05 1 2
1.3 0.2 0.2 0.4 0.05 0.05 1 2
-1.1 1.7 0.2 0.4 0.05 0.05 1 2
0.2 -0.2 0.2 0.4 0.05 0.05 1 2
-1.6 1.8 0.2 0.4 0.05 0.05 1 2
1.3 0.9 0.2 0.4 0.05 0.05 1 2
-1.2 -0.8 0.2 0.4 0.05 0.05 1 2
-1.3 1.0 0.2 0.4 0.05 0.05 1 2
