-0.02 -2 0.04 0.0355 0.0355 0.08 400 1
-3 -3 0.04 0.0355 0.0355 0.08 400 1
-3 4.5 0.04 0.0355 0.0355 0.08 400 1
4 -4 0.04 0.0355 0.0355 0.08 400 1
4.5 -3 0.04 0.0355 0.0355 0.08 400 1
2 -4 0.04 0.0355 0.0355 0.08 400 1
1.5 -3 0.04 0.0355 0.0355 0.08 400 1
-2.5 -4 0.04 0.0355 0.0355 0.08 400 1
-4.5 1.8 0.04 0.0355 0.0355 0.08 400 1
4 4 0.04 0.0355 0.0355 0.08 400 1
4.5 -1.9 0.04 0.0355 0.0355 0.08 400 1
2 2.9 0.04 0.0355 0.0355 0.08 400 1
1.5 -3.8 0.04 0.0355 0.0355 0.08 400 1
-2.5 -4 0.04 0.0355 0.0355 0.08 400 1
-1.5 1.8 0.04 0.0355 0.0355 0.08 400 1
3 4 0.04 0.0355 0.0355 0.08 400 1
0.5 -1.9 0.04 0.0355 0.0355 0.08 400 1
0.5 0.5 0.04 0.0355 0.0355 0.08 400 1
-0.5 -1.9 0.04 0.0355 0.0355 0.08 400 1
2 -1.9 0.04 0.0355 0.0355 0.08 400 1
