-0.02 -2 0.05 0.1 0.1 0.1 100 1
-3 -3 0.05 0.1 0.1 0.1 100 1
-3 4.5 0.05 0.1 0.1 0.1 100 1
4 -4 0.05 0.1 0.1 0.1 100 1
4.5 -3 0.05 0.1 0.1 0.1 100 1
2 -4 0.05 0.1 0.1 0.1 100 1
1.5 -3 0.05 0.1 0.1 0.1 100 1
-2.5 -4 0.05 0.1 0.1 0.1 100 1
-4.5 1.8 0.05 0.1 0.1 0.1 100 1
4 4 0.05 0.1 0.1 0.1 100 1
4.5 -1.9 0.05 0.1 0.1 0.1 100 1
2 2.9 0.05 0.1 0.1 0.1 100 1
1.5 -3.8 0.05 0.1 0.1 0.1 100 1
-2.5 -4 0.05 0.1 0.1 0.1 100 1
-1.5 1.8 0.05 0.1 0.1 0.1 100 1
3 4 0.05 0.1 0.1 0.1 100 1
0.5 -1.9 0.05 0.1 0.1 0.1 100 1
0.5 0.5 0.05 0.1 0.1 0.1 100 1
-0.5 -1.9 0.05 0.1 0.1 0.1 100 1
2 -1.9 0.05 0.1 0.1 0.1 100 1
