7.4 -4.8 0.05 0.08 0.08 0.08 0.002 1
-3.9 -5.0 0.05 0.08 0.08 0.08 0.002 1
-5.5 0.3 0.05 0.08 0.08 0.08 0.002 1
1.2 -4.6 0.05 0.08 0.08 0.08 0.002 1
8.1 3.3 0.05 0.08 0.08 0.08 0.002 1
-1.1 -1.1 0.05 0.5 0.5 0.08 0.8 2
-6.6 -6.3 0.05 0.5 0.5 0.08 0.8 2
2.7 3.8 0.05 0.5 0.5 0.08 0.8 2
-8.7 -3.0 0.05 0.5 0.5 0.08 0.8 2
-5.5 6.4 0.05 0.5 0.5 0.08 0.8 2
-6.5 5.4 0.05 0.8 0.8 0.08 1 3
-3.8 3.4 0.05 0.8 0.8 0.08 1 3
-7.3 -3.6 0.05 0.8 0.8 0.08 1 3
0.1 -4.6 0.05 0.8 0.8 0.08 1 3
5.8 3.5 0.05 0.8 0.8 0.08 1 3
8.5 5.0 0.05 1 1 0.08 1.2 4
5.2 -0.3 0.05 1 1 0.08 1.2 4
-7.8 0.2 0.05 1 1 0.08 1.2 4
8.6 2.2 0.05 1 1 0.08 1.2 4
-1.9 8.5 0.05 1 1 0.08 1.2 4
1.8 -6.8 0.05 1.2 1.2 0.08 1.4 5
-3.9 1.2 0.05 1.2 1.2 0.08 1.4 5
4.1 -0.9 0.05 1.2 1.2 0.08 1.4 5
-1.2 -4.1 0.05 1.2 1.2 0.08 1.4 5
-3.9 -1.9 0.05 1.2 1.2 0.08 1.4 5
-6.8 2.7 0.05 1.2 1.2 0.08 1.4 5
-1.1 0.8 0.05 1.2 1.2 0.08 1.4 5
-8.7 5.5 0.05 1.2 1.2 0.08 1.4 5
4.0 1.5 0.05 1.2 1.2 0.08 1.4 5
7.8 -7.0 0.05 1.2 1.2 0.08 1.4 5
-8.7 7.0 0.05 1.2 1.2 0.08 1.4 5
-1.0 -5.8 0.05 1.2 1.2 0.08 1.4 5
-7.7 -7.5 0.05 1.2 1.2 0.08 1.4 5
8.9 6.4 0.05 1.2 1.2 0.08 1.4 5
-1.7 4.2 0.05 1.2 1.2 0.08 1.4 5
5.7 6.4 0.05 1.2 1.2 0.08 1.4 5
-5.1 -5.2 0.05 1.2 1.2 0.08 1.4 5
5.7 -4.4 0.05 1.2 1.2 0.08 1.4 5
1.1 1.3 0.05 1.2 1.2 0.08 1.4 5
7.3 6.3 0.05 1.2 1.2 0.08 1.4 5
8.6 -2.8 0.05 1.2 1.2 0.08 1.4 5
-6.4 7.7 0.05 1.2 1.2 0.08 1.4 5
2.0 5.5 0.05 1.2 1.2 0.08 1.4 5
-8.6 -4.4 0.05 1.2 1.2 0.08 1.4 5
-8.4 4.1 0.05 1.2 1.2 0.08 1.4 5
8.7 -0.5 0.05 1.2 1.2 0.08 1.4 5
-1.4 6.7 0.05 1.2 1.2 0.08 1.4 5
7.1 5.0 0.05 1.2 1.2 0.08 1.4 5
-0.5 8.3 0.05 1.2 1.2 0.08 1.4 5
-0.7 -6.9 0.05 1.2 1.2 0.08 1.4 5