-9.3 -3.6 0.05 0.15 0.15 0.08 5.56 1
-6.6 -2.2 0.05 0.15 0.15 0.08 5.56 1
-8.0 4.0 0.05 0.15 0.15 0.08 5.56 1
-5.2 -4.8 0.05 0.15 0.15 0.08 5.56 1
-5.3 -6.1 0.05 0.15 0.15 0.08 5.56 1
-5.1 -6.9 0.05 0.5 0.5 0.08 1.2 2
-7.7 -5.9 0.05 0.5 0.5 0.08 1.2 2
-2.6 -6.4 0.05 0.5 0.5 0.08 1.2 2
4.9 8.3 0.05 0.5 0.5 0.08 1.2 2
-0.7 -5.9 0.05 0.5 0.5 0.08 1.2 2
3.5 7.5 0.05 0.8 0.8 0.08 1.4 3
0.7 -1.6 0.05 0.8 0.8 0.08 1.4 3
7.1 -6.5 0.05 0.8 0.8 0.08 1.4 3
-7.8 5.0 0.05 0.8 0.8 0.08 1.4 3
4.9 2.9 0.05 0.8 0.8 0.08 1.4 3
3.7 -1.7 0.05 1 1 0.08 1.6 4
-1.4 -0.2 0.05 1 1 0.08 1.6 4
-1.2 1.9 0.05 1 1 0.08 1.6 4
-5.0 2.2 0.05 1 1 0.08 1.6 4
3.1 1.3 0.05 1 1 0.08 1.6 4
-2.9 -0.4 0.05 1.2 1.2 0.08 1.8 5
0.8 3.4 0.05 1.2 1.2 0.08 1.8 5
-8.6 -7.5 0.05 1.2 1.2 0.08 1.8 5
-4.5 8.4 0.05 1.2 1.2 0.08 1.8 5
6.1 -5.2 0.05 1.2 1.2 0.08 1.8 5
3.1 3.2 0.05 1.2 1.2 0.08 1.8 5
0.6 6.2 0.05 1.2 1.2 0.08 1.8 5
1.9 7.0 0.05 1.2 1.2 0.08 1.8 5
-4.7 -1.3 0.05 1.2 1.2 0.08 1.8 5
-7.5 -4.0 0.05 1.2 1.2 0.08 1.8 5
5.8 -1.9 0.05 1.2 1.2 0.08 1.8 5
-7.4 -7.4 0.05 1.2 1.2 0.08 1.8 5
-7.6 -0.7 0.05 1.2 1.2 0.08 1.8 5
8.1 0.9 0.05 1.2 1.2 0.08 1.8 5
-8.0 6.8 0.05 1.2 1.2 0.08 1.8 5
8.8 -5.5 0.05 1.2 1.2 0.08 1.8 5
-3.2 2.9 0.05 1.2 1.2 0.08 1.8 5
6.4 6.6 0.05 1.2 1.2 0.08 1.8 5
-3.1 5.7 0.05 1.2 1.2 0.08 1.8 5
-1.2 -2.5 0.05 1.2 1.2 0.08 1.8 5
7.3 -0.5 0.05 1.2 1.2 0.08 1.8 5
5.7 -7.2 0.05 1.2 1.2 0.08 1.8 5
1.2 -7.0 0.05 1.2 1.2 0.08 1.8 5
4.4 5.2 0.05 1.2 1.2 0.08 1.8 5
-2.3 -4.3 0.05 1.2 1.2 0.08 1.8 5
-5.2 -2.8 0.05 1.2 1.2 0.08 1.8 5
-3.2 4.3 0.05 1.2 1.2 0.08 1.8 5
7.8 4.4 0.05 1.2 1.2 0.08 1.8 5
3.9 -3.1 0.05 1.2 1.2 0.08 1.8 5
6.8 1.7 0.05 1.2 1.2 0.08 1.8 5