-4.1 3.7 0.05 0.08 0.08 0.08 0.002 1
-9.1 -1.2 0.05 0.08 0.08 0.08 0.002 1
7.7 8.6 0.05 0.08 0.08 0.08 0.002 1
-2.5 7.9 0.05 0.08 0.08 0.08 0.002 1
5.2 4.6 0.05 0.08 0.08 0.08 0.002 1
-2.8 0.2 0.05 0.5 0.5 0.08 0.8 2
-7.9 0.1 0.05 0.5 0.5 0.08 0.8 2
-7.5 -3.6 0.05 0.5 0.5 0.08 0.8 2
-9.0 3.0 0.05 0.5 0.5 0.08 0.8 2
3.1 -6.3 0.05 0.5 0.5 0.08 0.8 2
-9.0 -7.3 0.05 0.8 0.8 0.08 1 3
1.9 5.1 0.05 0.8 0.8 0.08 1 3
-4.8 -2.0 0.05 0.8 0.8 0.08 1 3
-6.8 -5.6 0.05 0.8 0.8 0.08 1 3
-6.9 9.0 0.05 0.8 0.8 0.08 1 3
5.1 3.5 0.05 1 1 0.08 1.2 4
6.6 5.2 0.05 1 1 0.08 1.2 4
3.5 -0.1 0.05 1 1 0.08 1.2 4
4.3 -4.6 0.05 1 1 0.08 1.2 4
2.8 1.5 0.05 1 1 0.08 1.2 4
-4.9 0.9 0.05 1.2 1.2 0.08 1.4 5
-8.6 6.3 0.05 1.2 1.2 0.08 1.4 5
-8.6 1.3 0.05 1.2 1.2 0.08 1.4 5
-5.5 -7.2 0.05 1.2 1.2 0.08 1.4 5
4.9 9.1 0.05 1.2 1.2 0.08 1.4 5
0.2 8.8 0.05 1.2 1.2 0.08 1.4 5
3.1 -4.1 0.05 1.2 1.2 0.08 1.4 5
7.6 -3.8 0.05 1.2 1.2 0.08 1.4 5
0.8 -6.6 0.05 1.2 1.2 0.08 1.4 5
-0.4 6.8 0.05 1.2 1.2 0.08 1.4 5
-1.5 1.1 0.05 1.2 1.2 0.08 1.4 5
-0.5 5.1 0.05 1.2 1.2 0.08 1.4 5
-7.1 7.1 0.05 1.2 1.2 0.08 1.4 5
1.1 -3.4 0.05 1.2 1.2 0.08 1.4 5
-5.3 7.7 0.05 1.2 1.2 0.08 1.4 5
2.7 7.1 0.05 1.2 1.2 0.08 1.4 5
-1.1 -6.2 0.05 1.2 1.2 0.08 1.4 5
-5.6 -0.4 0.05 1.2 1.2 0.08 1.4 5
9.2 -6.2 0.05 1.2 1.2 0.08 1.4 5
-3.6 1.6 0.05 1.2 1.2 0.08 1.4 5
-0.4 -2.9 0.05 1.2 1.2 0.08 1.4 5
-9.1 -6.0 0.05 1.2 1.2 0.08 1.4 5
4.8 0.5 0.05 1.2 1.2 0.08 1.4 5
-6.2 -3.6 0.05 1.2 1.2 0.08 1.4 5
-2.5 -2.9 0.05 1.2 1.2 0.08 1.4 5
4.8 -2.1 0.05 1.2 1.2 0.08 1.4 5
-6.6 5.9 0.05 1.2 1.2 0.08 1.4 5
8.5 -0.7 0.05 1.2 1.2 0.08 1.4 5
9.1 0.9 0.05 1.2 1.2 0.08 1.4 5
8.2 7.1 0.05 1.2 1.2 0.08 1.4 5