-6.7 -3.2 0.05 0.15 0.15 0.08 5.56 1
-0.2 -4.2 0.05 0.15 0.15 0.08 5.56 1
-5.7 8.4 0.05 0.15 0.15 0.08 5.56 1
-7.6 2.2 0.05 0.15 0.15 0.08 5.56 1
-3.0 -7.2 0.05 0.15 0.15 0.08 5.56 1
-4.9 6.0 0.05 0.5 0.5 0.08 1.2 2
-3.9 2.4 0.05 0.5 0.5 0.08 1.2 2
-3.0 -4.6 0.05 0.5 0.5 0.08 1.2 2
8.4 0.3 0.05 0.5 0.5 0.08 1.2 2
5.7 -6.1 0.05 0.5 0.5 0.08 1.2 2
2.8 -7.3 0.05 0.8 0.8 0.08 1.4 3
0.7 6.4 0.05 0.8 0.8 0.08 1.4 3
-3.4 -1.4 0.05 0.8 0.8 0.08 1.4 3
2.0 5.4 0.05 0.8 0.8 0.08 1.4 3
-4.5 -1.2 0.05 0.8 0.8 0.08 1.4 3
9.4 -4.7 0.05 1 1 0.08 1.6 4
-5.0 -4.0 0.05 1 1 0.08 1.6 4
-4.8 4.2 0.05 1 1 0.08 1.6 4
-6.2 0.8 0.05 1 1 0.08 1.6 4
-9.2 -2.4 0.05 1 1 0.08 1.6 4
7.2 9.1 0.05 1.2 1.2 0.08 1.8 5
1.9 0.1 0.05 1.2 1.2 0.08 1.8 5
5.1 1.2 0.05 1.2 1.2 0.08 1.8 5
-0.7 -6.2 0.05 1.2 1.2 0.08 1.8 5
8.4 7.3 0.05 1.2 1.2 0.08 1.8 5
7.0 -4.7 0.05 1.2 1.2 0.08 1.8 5
-4.2 -5.7 0.05 1.2 1.2 0.08 1.8 5
4.7 -7.4 0.05 1.2 1.2 0.08 1.8 5
2.9 -3.7 0.05 1.2 1.2 0.08 1.8 5
-2.3 5.8 0.05 1.2 1.2 0.08 1.8 5
-5.9 -5.9 0.05 1.2 1.2 0.08 1.8 5
5.5 9.1 0.05 1.2 1.2 0.08 1.8 5
7.2 0.2 0.05 1.2 1.2 0.08 1.8 5
3.9 5.9 0.05 1.2 1.2 0.08 1.8 5
0.1 1.0 0.05 1.2 1.2 0.08 1.8 5
1.1 -5.1 0.05 1.2 1.2 0.08 1.8 5
4.9 -3.3 0.05 1.2 1.2 0.08 1.8 5
3.1 -1.6 0.05 1.2 1.2 0.08 1.8 5
-8.8 -5.7 0.05 1.2 1.2 0.08 1.8 5
-3.4 3.7 0.05 1.2 1.2 0.08 1.8 5
-6.7 5.7 0.05 1.2 1.2 0.08 1.8 5
7.6 -2.0 0.05 1.2 1.2 0.08 1.8 5
8.3 1.7 0.05 1.2 1.2 0.08 1.8 5
-2.1 1.3 0.05 1.2 1.2 0.08 1.8 5
-7.2 4.4 0.05 1.2 1.2 0.08 1.8 5
1.5 4.1 0.05 1.2 1.2 0.08 1.8 5
6.5 3.5 0.05 1.2 1.2 0.08 1.8 5
-0.0 3.2 0.05 1.2 1.2 0.08 1.8 5
-5.5 -7.1 0.05 1.2 1.2 0.08 1.8 5
3.8 4.6 0.05 1.2 1.2 0.08 1.8 5