8.0 7.2 0.05 0.08 0.08 0.08 0.002 1
-8.6 -4.8 0.05 0.08 0.08 0.08 0.002 1
-9.5 0.3 0.05 0.08 0.08 0.08 0.002 1
7.8 9.4 0.05 0.08 0.08 0.08 0.002 1
2.8 4.4 0.05 0.08 0.08 0.08 0.002 1
-0.1 -1.5 0.05 0.5 0.5 0.08 0.8 2
-6.5 9.3 0.05 0.5 0.5 0.08 0.8 2
9.2 8.3 0.05 0.5 0.5 0.08 0.8 2
-9.1 -2.5 0.05 0.5 0.5 0.08 0.8 2
-8.3 0.3 0.05 0.5 0.5 0.08 0.8 2
-6.6 5.3 0.05 0.8 0.8 0.08 1 3
-0.4 2.5 0.05 0.8 0.8 0.08 1 3
8.4 3.8 0.05 0.8 0.8 0.08 1 3
8.7 2.0 0.05 0.8 0.8 0.08 1 3
6.0 4.9 0.05 0.8 0.8 0.08 1 3
2.2 -3.9 0.05 1 1 0.08 1.2 4
-1.3 -1.8 0.05 1 1 0.08 1.2 4
-3.9 7.7 0.05 1 1 0.08 1.2 4
6.9 -3.2 0.05 1 1 0.08 1.2 4
8.2 8.2 0.05 1 1 0.08 1.2 4
0.6 -6.0 0.05 1.2 1.2 0.08 1.4 5
1.0 6.5 0.05 1.2 1.2 0.08 1.4 5
-4.8 -0.6 0.05 1.2 1.2 0.08 1.4 5
-3.3 5.0 0.05 1.2 1.2 0.08 1.4 5
-2.5 6.5 0.05 1.2 1.2 0.08 1.4 5
-0.4 9.1 0.05 1.2 1.2 0.08 1.4 5
-7.2 -6.9 0.05 1.2 1.2 0.08 1.4 5
5.7 -7.2 0.05 1.2 1.2 0.08 1.4 5
-8.1 2.9 0.05 1.2 1.2 0.08 1.4 5
6.4 1.7 0.05 1.2 1.2 0.08 1.4 5
0.8 -7.3 0.05 1.2 1.2 0.08 1.4 5
3.4 6.7 0.05 1.2 1.2 0.08 1.4 5
-0.4 -4.1 0.05 1.2 1.2 0.08 1.4 5
7.2 -1.0 0.05 1.2 1.2 0.08 1.4 5
0.5 -2.8 0.05 1.2 1.2 0.08 1.4 5
2.6 -7.4 0.05 1.2 1.2 0.08 1.4 5
0.7 4.1 0.05 1.2 1.2 0.08 1.4 5
-5.9 -4.8 0.05 1.2 1.2 0.08 1.4 5
1.5 9.0 0.05 1.2 1.2 0.08 1.4 5
-2.6 1.2 0.05 1.2 1.2 0.08 1.4 5
3.7 -1.4 0.05 1.2 1.2 0.08 1.4 5
-4.8 -6.5 0.05 1.2 1.2 0.08 1.4 5
-9.0 7.5 0.05 1.2 1.2 0.08 1.4 5
-2.8 -3.2 0.05 1.2 1.2 0.08 1.4 5
-0.8 -6.9 0.05 1.2 1.2 0.08 1.4 5
2.1 0.7 0.05 1.2 1.2 0.08 1.4 5
-2.7 7.8 0.05 1.2 1.2 0.08 1.4 5
3.9 -4.1 0.05 1.2 1.2 0.08 1.4 5
8.6 -6.7 0.05 1.2 1.2 0.08 1.4 5
-6.5 -3.2 0.05 1.2 1.2 0.08 1.4 5