2.5 -7.1 0.05 0.1 0.1 0.08 1.4 1
-4.5 5.3 0.05 0.1 0.1 0.08 1.4 1
-0.2 0.8 0.05 0.1 0.1 0.08 1.4 1
-5.9 6.4 0.05 0.1 0.1 0.08 1.4 1
-8.6 7.3 0.05 0.1 0.1 0.08 1.4 1
3.9 8.3 0.05 0.5 0.5 0.08 0.8 2
7.4 -7.1 0.05 0.5 0.5 0.08 0.8 2
-0.4 2.7 0.05 0.5 0.5 0.08 0.8 2
7.3 -5.3 0.05 0.5 0.5 0.08 0.8 2
-2.3 -6.4 0.05 0.5 0.5 0.08 0.8 2
-9.5 2.2 0.05 0.8 0.8 0.08 1 3
-4.2 0.8 0.05 0.8 0.8 0.08 1 3
-0.3 5.8 0.05 0.8 0.8 0.08 1 3
5.5 -6.3 0.05 0.8 0.8 0.08 1 3
8.1 1.9 0.05 0.8 0.8 0.08 1 3
7.1 3.8 0.05 1 1 0.08 1.2 4
0.6 6.8 0.05 1 1 0.08 1.2 4
1.4 -6.2 0.05 1 1 0.08 1.2 4
3.6 -1.4 0.05 1 1 0.08 1.2 4
2.2 -1.1 0.05 1 1 0.08 1.2 4
3.2 2.9 0.05 1.2 1.2 0.08 1.4 5
0.2 -1.8 0.05 1.2 1.2 0.08 1.4 5
-4.1 -6.4 0.05 1.2 1.2 0.08 1.4 5
5.6 4.1 0.05 1.2 1.2 0.08 1.4 5
-5.8 -0.1 0.05 1.2 1.2 0.08 1.4 5
-5.7 -1.5 0.05 1.2 1.2 0.08 1.4 5
-3.1 -2.1 0.05 1.2 1.2 0.08 1.4 5
-6.2 -4.4 0.05 1.2 1.2 0.08 1.4 5
2.0 -2.9 0.05 1.2 1.2 0.08 1.4 5
0.1 -7.1 0.05 1.2 1.2 0.08 1.4 5
-4.8 7.3 0.05 1.2 1.2 0.08 1.4 5
8.9 7.1 0.05 1.2 1.2 0.08 1.4 5
1.0 1.5 0.05 1.2 1.2 0.08 1.4 5
8.0 -2.9 0.05 1.2 1.2 0.08 1.4 5
-8.0 9.0 0.05 1.2 1.2 0.08 1.4 5
4.4 3.5 0.05 1.2 1.2 0.08 1.4 5
-0.6 -0.3 0.05 1.2 1.2 0.08 1.4 5
-0.3 -3.0 0.05 1.2 1.2 0.08 1.4 5
-6.4 -3.0 0.05 1.2 1.2 0.08 1.4 5
1.5 4.8 0.05 1.2 1.2 0.08 1.4 5
-6.3 -7.3 0.05 1.2 1.2 0.08 1.4 5
-4.7 3.0 0.05 1.2 1.2 0.08 1.4 5
4.2 -4.4 0.05 1.2 1.2 0.08 1.4 5
-7.5 -7.4 0.05 1.2 1.2 0.08 1.4 5
-1.2 -1.6 0.05 1.2 1.2 0.08 1.4 5
4.4 1.5 0.05 1.2 1.2 0.08 1.4 5
-6.9 3.2 0.05 1.2 1.2 0.08 1.4 5
6.9 6.4 0.05 1.2 1.2 0.08 1.4 5
-4.0 8.4 0.05 1.2 1.2 0.08 1.4 5
-5.6 1.5 0.05 1.2 1.2 0.08 1.4 5