3.5 -6.1 0.05 0.08 0.08 0.08 0.4 1
2.9 4.1 0.05 0.08 0.08 0.08 0.4 1
8.0 -4.2 0.05 0.08 0.08 0.08 0.4 1
-7.9 4.1 0.05 0.08 0.08 0.08 0.4 1
3.5 3.7 0.05 0.08 0.08 0.08 0.4 1
9.2 -0.4 0.05 0.5 0.5 0.08 0.8 2
9.0 -3.8 0.05 0.5 0.5 0.08 0.8 2
-2.0 0.9 0.05 0.5 0.5 0.08 0.8 2
-2.4 3.1 0.05 0.5 0.5 0.08 0.8 2
-3.5 5.8 0.05 0.5 0.5 0.08 0.8 2
8.2 -1.5 0.05 0.8 0.8 0.08 1 3
-5.6 9.2 0.05 0.8 0.8 0.08 1 3
-1.2 -7.3 0.05 0.8 0.8 0.08 1 3
5.1 6.2 0.05 0.8 0.8 0.08 1 3
7.1 -2.4 0.05 0.8 0.8 0.08 1 3
7.6 -0.4 0.05 1 1 0.08 1.2 4
-5.8 -6.4 0.05 1 1 0.08 1.2 4
6.8 0.9 0.05 1 1 0.08 1.2 4
-6.7 -2.0 0.05 1 1 0.08 1.2 4
0.7 4.1 0.05 1 1 0.08 1.2 4
-0.2 -4.1 0.05 1.2 1.2 0.08 1.4 5
6.2 -6.3 0.05 1.2 1.2 0.08 1.4 5
7.6 5.3 0.05 1.2 1.2 0.08 1.4 5
3.8 6.3 0.05 1.2 1.2 0.08 1.4 5
5.6 5.0 0.05 1.2 1.2 0.08 1.4 5
5.6 -4.0 0.05 1.2 1.2 0.08 1.4 5
5.0 1.5 0.05 1.2 1.2 0.08 1.4 5
0.8 6.8 0.05 1.2 1.2 0.08 1.4 5
1.0 -1.2 0.05 1.2 1.2 0.08 1.4 5
-1.3 -4.5 0.05 1.2 1.2 0.08 1.4 5
-5.6 -5.1 0.05 1.2 1.2 0.08 1.4 5
9.0 7.1 0.05 1.2 1.2 0.08 1.4 5
-7.3 -6.7 0.05 1.2 1.2 0.08 1.4 5
-5.2 6.9 0.05 1.2 1.2 0.08 1.4 5
-8.9 2.1 0.05 1.2 1.2 0.08 1.4 5
-0.8 1.6 0.05 1.2 1.2 0.08 1.4 5
-6.8 7.7 0.05 1.2 1.2 0.08 1.4 5
-9.0 0.7 0.05 1.2 1.2 0.08 1.4 5
2.3 -0.9 0.05 1.2 1.2 0.08 1.4 5
2.3 -6.4 0.05 1.2 1.2 0.08 1.4 5
-5.1 2.9 0.05 1.2 1.2 0.08 1.4 5
4.8 -6.8 0.05 1.2 1.2 0.08 1.4 5
-1.9 8.4 0.05 1.2 1.2 0.08 1.4 5
2.1 -4.1 0.05 1.2 1.2 0.08 1.4 5
-9.1 3.7 0.05 1.2 1.2 0.08 1.4 5
-1.5 4.3 0.05 1.2 1.2 0.08 1.4 5
8.8 5.2 0.05 1.2 1.2 0.08 1.4 5
3.1 9.1 0.05 1.2 1.2 0.08 1.4 5
-8.5 -4.3 0.05 1.2 1.2 0.08 1.4 5
-5.8 5.5 0.05 1.2 1.2 0.08 1.4 5