-6.4 3.0 0.05 0.15 0.15 0.08 5.56 1
2.7 -5.8 0.05 0.15 0.15 0.08 5.56 1
5.2 7.8 0.05 0.15 0.15 0.08 5.56 1
-0.8 -1.8 0.05 0.15 0.15 0.08 5.56 1
-2.9 -6.0 0.05 0.15 0.15 0.08 5.56 1
1.1 -0.1 0.05 0.5 0.5 0.08 1.2 2
-7.7 8.5 0.05 0.5 0.5 0.08 1.2 2
-6.1 -7.3 0.05 0.5 0.5 0.08 1.2 2
-3.3 3.7 0.05 0.5 0.5 0.08 1.2 2
-6.7 1.1 0.05 0.5 0.5 0.08 1.2 2
5.5 -7.4 0.05 0.8 0.8 0.08 1.4 3
-1.1 4.8 0.05 0.8 0.8 0.08 1.4 3
-0.0 -6.2 0.05 0.8 0.8 0.08 1.4 3
7.1 1.6 0.05 0.8 0.8 0.08 1.4 3
-8.9 -3.8 0.05 0.8 0.8 0.08 1.4 3
3.9 -3.0 0.05 1 1 0.08 1.6 4
-2.0 -2.9 0.05 1 1 0.08 1.6 4
-5.8 8.8 0.05 1 1 0.08 1.6 4
5.2 0.1 0.05 1 1 0.08 1.6 4
-0.4 -4.8 0.05 1 1 0.08 1.6 4
-2.0 8.8 0.05 1.2 1.2 0.08 1.8 5
-4.0 -7.5 0.05 1.2 1.2 0.08 1.8 5
9.0 8.2 0.05 1.2 1.2 0.08 1.8 5
5.4 -4.8 0.05 1.2 1.2 0.08 1.8 5
2.3 7.5 0.05 1.2 1.2 0.08 1.8 5
-7.4 6.2 0.05 1.2 1.2 0.08 1.8 5
-2.9 5.6 0.05 1.2 1.2 0.08 1.8 5
0.2 8.0 0.05 1.2 1.2 0.08 1.8 5
-4.9 -0.7 0.05 1.2 1.2 0.08 1.8 5
7.8 -6.4 0.05 1.2 1.2 0.08 1.8 5
-6.7 -2.0 0.05 1.2 1.2 0.08 1.8 5
-2.3 -0.8 0.05 1.2 1.2 0.08 1.8 5
7.4 3.8 0.05 1.2 1.2 0.08 1.8 5
-7.2 -4.7 0.05 1.2 1.2 0.08 1.8 5
8.4 2.0 0.05 1.2 1.2 0.08 1.8 5
6.8 -4.7 0.05 1.2 1.2 0.08 1.8 5
4.9 3.8 0.05 1.2 1.2 0.08 1.8 5
-3.4 -4.8 0.05 1.2 1.2 0.08 1.8 5
-9.0 -6.4 0.05 1.2 1.2 0.08 1.8 5
8.7 -4.7 0.05 1.2 1.2 0.08 1.8 5
3.6 -1.6 0.05 1.2 1.2 0.08 1.8 5
6.3 3.2 0.05 1.2 1.2 0.08 1.8 5
-3.3 9.1 0.05 1.2 1.2 0.08 1.8 5
-1.2 2.8 0.05 1.2 1.2 0.08 1.8 5
-5.5 -3.5 0.05 1.2 1.2 0.08 1.8 5
4.1 5.5 0.05 1.2 1.2 0.08 1.8 5
-4.8 -5.9 0.05 1.2 1.2 0.08 1.8 5
8.4 -0.1 0.05 1.2 1.2 0.08 1.8 5
-4.8 0.6 0.05 1.2 1.2 0.08 1.8 5
5.8 -1.9 0.05 1.2 1.2 0.08 1.8 5