3.6 6.9 0.05 0.08 0.08 0.08 0.002 1
2.3 -4.0 0.05 0.08 0.08 0.08 0.002 1
9.0 -3.3 0.05 0.08 0.08 0.08 0.002 1
5.8 3.4 0.05 0.08 0.08 0.08 0.002 1
-7.7 0.0 0.05 0.08 0.08 0.08 0.002 1
8.1 -4.0 0.05 0.5 0.5 0.08 0.8 2
-3.5 7.9 0.05 0.5 0.5 0.08 0.8 2
4.5 6.5 0.05 0.5 0.5 0.08 0.8 2
-4.6 -5.1 0.05 0.5 0.5 0.08 0.8 2
0.2 -3.1 0.05 0.5 0.5 0.08 0.8 2
-9.4 8.4 0.05 0.8 0.8 0.08 1 3
-3.6 -3.0 0.05 0.8 0.8 0.08 1 3
0.9 2.3 0.05 0.8 0.8 0.08 1 3
-5.5 -1.4 0.05 0.8 0.8 0.08 1 3
-1.2 -4.4 0.05 0.8 0.8 0.08 1 3
0.3 -4.4 0.05 1 1 0.08 1.2 4
-7.1 -6.2 0.05 1 1 0.08 1.2 4
-3.6 4.3 0.05 1 1 0.08 1.2 4
-6.0 2.2 0.05 1 1 0.08 1.2 4
6.6 -7.3 0.05 1 1 0.08 1.2 4
-9.0 -4.8 0.05 1.2 1.2 0.08 1.4 5
-2.1 2.9 0.05 1.2 1.2 0.08 1.4 5
-1.7 0.5 0.05 1.2 1.2 0.08 1.4 5
0.3 7.1 0.05 1.2 1.2 0.08 1.4 5
-4.2 -1.6 0.05 1.2 1.2 0.08 1.4 5
-8.4 5.1 0.05 1.2 1.2 0.08 1.4 5
7.5 7.5 0.05 1.2 1.2 0.08 1.4 5
-1.8 6.8 0.05 1.2 1.2 0.08 1.4 5
-7.7 2.5 0.05 1.2 1.2 0.08 1.4 5
0.5 0.8 0.05 1.2 1.2 0.08 1.4 5
5.5 0.5 0.05 1.2 1.2 0.08 1.4 5
0.5 -6.3 0.05 1.2 1.2 0.08 1.4 5
0.9 5.4 0.05 1.2 1.2 0.08 1.4 5
-5.1 5.9 0.05 1.2 1.2 0.08 1.4 5
-2.2 -7.1 0.05 1.2 1.2 0.08 1.4 5
4.8 -5.9 0.05 1.2 1.2 0.08 1.4 5
8.1 -5.5 0.05 1.2 1.2 0.08 1.4 5
7.5 -2.2 0.05 1.2 1.2 0.08 1.4 5
-0.8 3.2 0.05 1.2 1.2 0.08 1.4 5
5.3 8.3 0.05 1.2 1.2 0.08 1.4 5
1.6 7.5 0.05 1.2 1.2 0.08 1.4 5
2.2 4.7 0.05 1.2 1.2 0.08 1.4 5
-5.8 -7.4 0.05 1.2 1.2 0.08 1.4 5
-7.1 4.6 0.05 1.2 1.2 0.08 1.4 5
-7.4 -2.7 0.05 1.2 1.2 0.08 1.4 5
8.4 5.6 0.05 1.2 1.2 0.08 1.4 5
-4.7 1.4 0.05 1.2 1.2 0.08 1.4 5
9.1 8.2 0.05 1.2 1.2 0.08 1.4 5
5.3 2.2 0.05 1.2 1.2 0.08 1.4 5
8.2 3.2 0.05 1.2 1.2 0.08 1.4 5