4.5 8.6 0.05 0.08 0.08 0.08 0.4 1
-2.6 -2.5 0.05 0.08 0.08 0.08 0.4 1
-9.2 8.7 0.05 0.08 0.08 0.08 0.4 1
2.8 -4.0 0.05 0.08 0.08 0.08 0.4 1
-8.8 -3.7 0.05 0.08 0.08 0.08 0.4 1
8.0 8.9 0.05 0.5 0.5 0.08 0.8 2
0.3 1.9 0.05 0.5 0.5 0.08 0.8 2
-1.5 -2.3 0.05 0.5 0.5 0.08 0.8 2
-9.3 -6.5 0.05 0.5 0.5 0.08 0.8 2
-5.6 -2.1 0.05 0.5 0.5 0.08 0.8 2
-3.3 -5.6 0.05 0.8 0.8 0.08 1 3
1.0 -3.9 0.05 0.8 0.8 0.08 1 3
3.5 -6.9 0.05 0.8 0.8 0.08 1 3
9.1 -5.3 0.05 0.8 0.8 0.08 1 3
1.8 3.0 0.05 0.8 0.8 0.08 1 3
-6.8 -0.8 0.05 1 1 0.08 1.2 4
-7.4 4.7 0.05 1 1 0.08 1.2 4
6.4 -0.0 0.05 1 1 0.08 1.2 4
9.4 5.7 0.05 1 1 0.08 1.2 4
-1.3 9.3 0.05 1 1 0.08 1.2 4
-6.7 2.5 0.05 1.2 1.2 0.08 1.4 5
-4.5 3.9 0.05 1.2 1.2 0.08 1.4 5
-1.0 6.8 0.05 1.2 1.2 0.08 1.4 5
-0.3 -1.3 0.05 1.2 1.2 0.08 1.4 5
-3.2 6.0 0.05 1.2 1.2 0.08 1.4 5
6.7 -2.6 0.05 1.2 1.2 0.08 1.4 5
8.7 1.0 0.05 1.2 1.2 0.08 1.4 5
-6.9 -4.4 0.05 1.2 1.2 0.08 1.4 5
-8.0 1.3 0.05 1.2 1.2 0.08 1.4 5
1.4 -0.1 0.05 1.2 1.2 0.08 1.4 5
7.8 -3.9 0.05 1.2 1.2 0.08 1.4 5
-0.4 5.0 0.05 1.2 1.2 0.08 1.4 5
-4.6 -4.8 0.05 1.2 1.2 0.08 1.4 5
-6.7 7.5 0.05 1.2 1.2 0.08 1.4 5
-5.4 5.2 0.05 1.2 1.2 0.08 1.4 5
3.7 2.7 0.05 1.2 1.2 0.08 1.4 5
9.0 -0.6 0.05 1.2 1.2 0.08 1.4 5
8.6 4.1 0.05 1.2 1.2 0.08 1.4 5
-6.1 0.4 0.05 1.2 1.2 0.08 1.4 5
-0.2 3.2 0.05 1.2 1.2 0.08 1.4 5
5.9 7.1 0.05 1.2 1.2 0.08 1.4 5
7.3 -7.5 0.05 1.2 1.2 0.08 1.4 5
-2.6 1.3 0.05 1.2 1.2 0.08 1.4 5
8.8 -6.4 0.05 1.2 1.2 0.08 1.4 5
-1.9 4.4 0.05 1.2 1.2 0.08 1.4 5
-0.4 0.0 0.05 1.2 1.2 0.08 1.4 5
-4.0 8.1 0.05 1.2 1.2 0.08 1.4 5
-3.7 -7.4 0.05 1.2 1.2 0.08 1.4 5
6.7 2.3 0.05 1.2 1.2 0.08 1.4 5
-2.0 -3.7 0.05 1.2 1.2 0.08 1.4 5