-1.1 2.6 0.05 0.08 0.08 0.08 0.4 1
8.6 1.0 0.05 0.08 0.08 0.08 0.4 1
1.7 2.0 0.05 0.08 0.08 0.08 0.4 1
-1.9 -4.1 0.05 0.08 0.08 0.08 0.4 1
-6.9 4.6 0.05 0.08 0.08 0.08 0.4 1
-4.2 -1.9 0.05 0.5 0.5 0.08 0.8 2
-8.1 2.7 0.05 0.5 0.5 0.08 0.8 2
-2.0 2.1 0.05 0.5 0.5 0.08 0.8 2
-0.9 -7.0 0.05 0.5 0.5 0.08 0.8 2
-7.5 -4.8 0.05 0.5 0.5 0.08 0.8 2
-0.5 9.4 0.05 0.8 0.8 0.08 1 3
4.2 2.0 0.05 0.8 0.8 0.08 1 3
-5.3 -4.7 0.05 0.8 0.8 0.08 1 3
-2.3 -1.5 0.05 0.8 0.8 0.08 1 3
6.2 4.4 0.05 0.8 0.8 0.08 1 3
9.0 -3.1 0.05 1 1 0.08 1.2 4
2.7 -1.8 0.05 1 1 0.08 1.2 4
-4.1 0.7 0.05 1 1 0.08 1.2 4
-2.3 7.2 0.05 1 1 0.08 1.2 4
-4.8 9.3 0.05 1 1 0.08 1.2 4
6.2 -7.3 0.05 1.2 1.2 0.08 1.4 5
2.1 3.5 0.05 1.2 1.2 0.08 1.4 5
-0.8 5.5 0.05 1.2 1.2 0.08 1.4 5
-5.0 7.7 0.05 1.2 1.2 0.08 1.4 5
5.2 5.9 0.05 1.2 1.2 0.08 1.4 5
-4.2 6.3 0.05 1.2 1.2 0.08 1.4 5
5.7 1.5 0.05 1.2 1.2 0.08 1.4 5
2.8 6.0 0.05 1.2 1.2 0.08 1.4 5
5.0 8.0 0.05 1.2 1.2 0.08 1.4 5
-8.2 7.1 0.05 1.2 1.2 0.08 1.4 5
-5.5 2.7 0.05 1.2 1.2 0.08 1.4 5
-2.4 4.4 0.05 1.2 1.2 0.08 1.4 5
-9.1 -2.7 0.05 1.2 1.2 0.08 1.4 5
7.3 6.3 0.05 1.2 1.2 0.08 1.4 5
-7.5 -1.4 0.05 1.2 1.2 0.08 1.4 5
-5.4 -2.7 0.05 1.2 1.2 0.08 1.4 5
-9.1 1.1 0.05 1.2 1.2 0.08 1.4 5
-0.1 -2.7 0.05 1.2 1.2 0.08 1.4 5
5.1 4.7 0.05 1.2 1.2 0.08 1.4 5
-0.7 6.7 0.05 1.2 1.2 0.08 1.4 5
7.6 -6.4 0.05 1.2 1.2 0.08 1.4 5
-1.8 8.6 0.05 1.2 1.2 0.08 1.4 5
5.7 -3.1 0.05 1.2 1.2 0.08 1.4 5
8.4 -5.3 0.05 1.2 1.2 0.08 1.4 5
-5.4 0.6 0.05 1.2 1.2 0.08 1.4 5
8.4 -1.6 0.05 1.2 1.2 0.08 1.4 5
0.5 1.0 0.05 1.2 1.2 0.08 1.4 5
8.1 7.4 0.05 1.2 1.2 0.08 1.4 5
-2.3 -6.6 0.05 1.2 1.2 0.08 1.4 5
3.1 -6.2 0.05 1.2 1.2 0.08 1.4 5