3.7 -1.1 0.05 0.08 0.08 0.08 0.4 1
0.2 5.8 0.05 0.08 0.08 0.08 0.4 1
2.1 9.4 0.05 0.08 0.08 0.08 0.4 1
5.1 -3.9 0.05 0.08 0.08 0.08 0.4 1
-1.1 -4.7 0.05 0.08 0.08 0.08 0.4 1
-6.1 9.3 0.05 0.5 0.5 0.08 0.8 2
-4.4 1.9 0.05 0.5 0.5 0.08 0.8 2
-1.6 6.2 0.05 0.5 0.5 0.08 0.8 2
1.5 7.6 0.05 0.5 0.5 0.08 0.8 2
-1.0 -5.6 0.05 0.5 0.5 0.08 0.8 2
2.1 -5.8 0.05 0.8 0.8 0.08 1 3
-2.0 5.0 0.05 0.8 0.8 0.08 1 3
6.3 3.2 0.05 0.8 0.8 0.08 1 3
-3.3 0.3 0.05 0.8 0.8 0.08 1 3
6.6 -6.2 0.05 0.8 0.8 0.08 1 3
-7.4 1.3 0.05 1 1 0.08 1.2 4
-4.2 -3.9 0.05 1 1 0.08 1.2 4
-9.3 -2.5 0.05 1 1 0.08 1.2 4
5.0 6.6 0.05 1 1 0.08 1.2 4
-4.2 -1.3 0.05 1 1 0.08 1.2 4
-5.8 -5.9 0.05 1.2 1.2 0.08 1.4 5
-1.3 2.8 0.05 1.2 1.2 0.08 1.4 5
0.4 -6.5 0.05 1.2 1.2 0.08 1.4 5
-2.3 -5.1 0.05 1.2 1.2 0.08 1.4 5
3.6 -2.7 0.05 1.2 1.2 0.08 1.4 5
3.0 6.1 0.05 1.2 1.2 0.08 1.4 5
-7.2 3.3 0.05 1.2 1.2 0.08 1.4 5
8.2 6.5 0.05 1.2 1.2 0.08 1.4 5
-9.0 -6.5 0.05 1.2 1.2 0.08 1.4 5
8.7 -4.5 0.05 1.2 1.2 0.08 1.4 5
1.3 6.2 0.05 1.2 1.2 0.08 1.4 5
5.1 4.3 0.05 1.2 1.2 0.08 1.4 5
-6.0 -3.0 0.05 1.2 1.2 0.08 1.4 5
1.9 2.2 0.05 1.2 1.2 0.08 1.4 5
9.1 -6.0 0.05 1.2 1.2 0.08 1.4 5
2.6 1.0 0.05 1.2 1.2 0.08 1.4 5
7.7 -7.3 0.05 1.2 1.2 0.08 1.4 5
7.2 -2.9 0.05 1.2 1.2 0.08 1.4 5
-3.7 7.1 0.05 1.2 1.2 0.08 1.4 5
-2.6 1.5 0.05 1.2 1.2 0.08 1.4 5
0.3 7.6 0.05 1.2 1.2 0.08 1.4 5
5.4 -2.3 0.05 1.2 1.2 0.08 1.4 5
-8.7 0.5 0.05 1.2 1.2 0.08 1.4 5
5.6 -1.0 0.05 1.2 1.2 0.08 1.4 5
-5.6 1.4 0.05 1.2 1.2 0.08 1.4 5
-2.9 8.7 0.05 1.2 1.2 0.08 1.4 5
-8.8 1.7 0.05 1.2 1.2 0.08 1.4 5
-6.5 -4.7 0.05 1.2 1.2 0.08 1.4 5
-2.7 3.6 0.05 1.2 1.2 0.08 1.4 5
4.4 -7.3 0.05 1.2 1.2 0.08 1.4 5