3.7 0.2 0.05 0.08 0.08 0.08 0.4 1
-7.4 7.6 0.05 0.08 0.08 0.08 0.4 1
6.7 4.2 0.05 0.08 0.08 0.08 0.4 1
7.5 4.6 0.05 0.08 0.08 0.08 0.4 1
9.1 8.4 0.05 0.08 0.08 0.08 0.4 1
2.3 -4.2 0.05 0.5 0.5 0.08 0.8 2
-6.4 8.8 0.05 0.5 0.5 0.08 0.8 2
9.0 1.6 0.05 0.5 0.5 0.08 0.8 2
0.1 7.0 0.05 0.5 0.5 0.08 0.8 2
9.3 -4.4 0.05 0.5 0.5 0.08 0.8 2
9.2 5.9 0.05 0.8 0.8 0.08 1 3
-6.8 -6.2 0.05 0.8 0.8 0.08 1 3
8.1 6.0 0.05 0.8 0.8 0.08 1 3
-2.3 -4.0 0.05 0.8 0.8 0.08 1 3
3.1 5.5 0.05 0.8 0.8 0.08 1 3
5.1 5.0 0.05 1 1 0.08 1.2 4
-0.2 5.8 0.05 1 1 0.08 1.2 4
-4.7 8.1 0.05 1 1 0.08 1.2 4
-5.9 5.0 0.05 1 1 0.08 1.2 4
-1.4 -1.5 0.05 1 1 0.08 1.2 4
-4.8 -1.4 0.05 1.2 1.2 0.08 1.4 5
-3.6 -2.2 0.05 1.2 1.2 0.08 1.4 5
7.1 -1.9 0.05 1.2 1.2 0.08 1.4 5
-3.9 4.9 0.05 1.2 1.2 0.08 1.4 5
0.7 2.7 0.05 1.2 1.2 0.08 1.4 5
5.9 -0.6 0.05 1.2 1.2 0.08 1.4 5
-1.6 2.1 0.05 1.2 1.2 0.08 1.4 5
-2.7 -5.4 0.05 1.2 1.2 0.08 1.4 5
0.2 1.0 0.05 1.2 1.2 0.08 1.4 5
0.1 -3.4 0.05 1.2 1.2 0.08 1.4 5
-7.4 4.3 0.05 1.2 1.2 0.08 1.4 5
-1.2 3.9 0.05 1.2 1.2 0.08 1.4 5
5.9 -4.6 0.05 1.2 1.2 0.08 1.4 5
-6.8 0.3 0.05 1.2 1.2 0.08 1.4 5
6.9 8.7 0.05 1.2 1.2 0.08 1.4 5
3.9 -4.0 0.05 1.2 1.2 0.08 1.4 5
-5.7 2.4 0.05 1.2 1.2 0.08 1.4 5
-8.7 5.3 0.05 1.2 1.2 0.08 1.4 5
-5.2 -5.1 0.05 1.2 1.2 0.08 1.4 5
7.6 -0.2 0.05 1.2 1.2 0.08 1.4 5
-8.5 -3.1 0.05 1.2 1.2 0.08 1.4 5
-2.7 -6.8 0.05 1.2 1.2 0.08 1.4 5
7.8 -7.4 0.05 1.2 1.2 0.08 1.4 5
-8.4 -6.8 0.05 1.2 1.2 0.08 1.4 5
3.4 -2.6 0.05 1.2 1.2 0.08 1.4 5
0.0 4.2 0.05 1.2 1.2 0.08 1.4 5
-4.3 2.8 0.05 1.2 1.2 0.08 1.4 5
-4.1 -7.4 0.05 1.2 1.2 0.08 1.4 5
-1.1 -6.3 0.05 1.2 1.2 0.08 1.4 5
3.7 4.2 0.05 1.2 1.2 0.08 1.4 5