5.6 -7.2 0.05 0.1 0.1 0.08 1.4 1
-0.4 4.9 0.05 0.1 0.1 0.08 1.4 1
1.3 9.0 0.05 0.1 0.1 0.08 1.4 1
2.5 5.0 0.05 0.1 0.1 0.08 1.4 1
7.5 -4.9 0.05 0.1 0.1 0.08 1.4 1
-5.3 -6.4 0.05 0.5 0.5 0.08 0.8 2
-0.9 7.1 0.05 0.5 0.5 0.08 0.8 2
-5.3 6.2 0.05 0.5 0.5 0.08 0.8 2
-4.4 -2.3 0.05 0.5 0.5 0.08 0.8 2
2.5 0.3 0.05 0.5 0.5 0.08 0.8 2
5.1 -2.2 0.05 0.8 0.8 0.08 1 3
-0.8 -1.2 0.05 0.8 0.8 0.08 1 3
8.2 1.7 0.05 0.8 0.8 0.08 1 3
-8.6 -1.6 0.05 0.8 0.8 0.08 1 3
0.9 -4.4 0.05 0.8 0.8 0.08 1 3
3.6 -2.1 0.05 1 1 0.08 1.2 4
-7.3 -4.8 0.05 1 1 0.08 1.2 4
-8.4 -4.3 0.05 1 1 0.08 1.2 4
-4.4 8.5 0.05 1 1 0.08 1.2 4
8.3 3.0 0.05 1 1 0.08 1.2 4
3.0 9.2 0.05 1.2 1.2 0.08 1.4 5
3.0 -6.2 0.05 1.2 1.2 0.08 1.4 5
8.4 9.1 0.05 1.2 1.2 0.08 1.4 5
-1.4 -2.5 0.05 1.2 1.2 0.08 1.4 5
4.4 5.4 0.05 1.2 1.2 0.08 1.4 5
-4.6 -0.5 0.05 1.2 1.2 0.08 1.4 5
-8.6 8.0 0.05 1.2 1.2 0.08 1.4 5
6.7 -0.4 0.05 1.2 1.2 0.08 1.4 5
3.9 1.8 0.05 1.2 1.2 0.08 1.4 5
8.3 0.0 0.05 1.2 1.2 0.08 1.4 5
-6.6 -0.5 0.05 1.2 1.2 0.08 1.4 5
4.6 3.8 0.05 1.2 1.2 0.08 1.4 5
-6.5 3.2 0.05 1.2 1.2 0.08 1.4 5
-6.5 4.5 0.05 1.2 1.2 0.08 1.4 5
-2.7 1.2 0.05 1.2 1.2 0.08 1.4 5
4.9 7.5 0.05 1.2 1.2 0.08 1.4 5
-2.7 7.1 0.05 1.2 1.2 0.08 1.4 5
4.9 9.2 0.05 1.2 1.2 0.08 1.4 5
2.1 -2.6 0.05 1.2 1.2 0.08 1.4 5
4.1 -4.4 0.05 1.2 1.2 0.08 1.4 5
-2.3 5.7 0.05 1.2 1.2 0.08 1.4 5
-1.6 3.6 0.05 1.2 1.2 0.08 1.4 5
8.9 -5.4 0.05 1.2 1.2 0.08 1.4 5
-7.0 7.4 0.05 1.2 1.2 0.08 1.4 5
-2.0 -1.2 0.05 1.2 1.2 0.08 1.4 5
-1.4 1.8 0.05 1.2 1.2 0.08 1.4 5
2.6 2.0 0.05 1.2 1.2 0.08 1.4 5
1.3 -0.7 0.05 1.2 1.2 0.08 1.4 5
-3.3 -1.3 0.05 1.2 1.2 0.08 1.4 5
7.1 8.1 0.05 1.2 1.2 0.08 1.4 5