8.7 5.0 0.05 0.08 0.08 0.08 0.4 1
-6.2 -0.5 0.05 0.08 0.08 0.08 0.4 1
4.4 -1.2 0.05 0.08 0.08 0.08 0.4 1
-6.6 9.4 0.05 0.08 0.08 0.08 0.4 1
-0.6 5.2 0.05 0.08 0.08 0.08 0.4 1
7.5 -7.1 0.05 0.5 0.5 0.08 0.8 2
4.0 -6.8 0.05 0.5 0.5 0.08 0.8 2
-9.2 0.7 0.05 0.5 0.5 0.08 0.8 2
-0.9 2.6 0.05 0.5 0.5 0.08 0.8 2
-7.3 5.0 0.05 0.5 0.5 0.08 0.8 2
-5.1 9.0 0.05 0.8 0.8 0.08 1 3
0.6 6.2 0.05 0.8 0.8 0.08 1 3
-5.6 -6.0 0.05 0.8 0.8 0.08 1 3
1.1 3.9 0.05 0.8 0.8 0.08 1 3
2.8 -5.7 0.05 0.8 0.8 0.08 1 3
6.0 4.6 0.05 1 1 0.08 1.2 4
-6.6 -4.5 0.05 1 1 0.08 1.2 4
-7.3 -2.4 0.05 1 1 0.08 1.2 4
-3.2 -6.1 0.05 1 1 0.08 1.2 4
3.1 3.7 0.05 1 1 0.08 1.2 4
-6.5 3.4 0.05 1.2 1.2 0.08 1.4 5
5.5 -3.0 0.05 1.2 1.2 0.08 1.4 5
-0.9 -4.5 0.05 1.2 1.2 0.08 1.4 5
-5.4 -2.3 0.05 1.2 1.2 0.08 1.4 5
6.0 5.8 0.05 1.2 1.2 0.08 1.4 5
6.9 -0.3 0.05 1.2 1.2 0.08 1.4 5
5.7 7.4 0.05 1.2 1.2 0.08 1.4 5
-7.7 -0.4 0.05 1.2 1.2 0.08 1.4 5
7.3 1.6 0.05 1.2 1.2 0.08 1.4 5
1.2 9.1 0.05 1.2 1.2 0.08 1.4 5
6.5 -5.9 0.05 1.2 1.2 0.08 1.4 5
-3.2 2.6 0.05 1.2 1.2 0.08 1.4 5
-8.4 9.1 0.05 1.2 1.2 0.08 1.4 5
-3.8 -1.3 0.05 1.2 1.2 0.08 1.4 5
-3.8 -4.9 0.05 1.2 1.2 0.08 1.4 5
5.5 2.4 0.05 1.2 1.2 0.08 1.4 5
0.8 -2.5 0.05 1.2 1.2 0.08 1.4 5
0.1 -6.3 0.05 1.2 1.2 0.08 1.4 5
4.9 1.1 0.05 1.2 1.2 0.08 1.4 5
2.6 5.9 0.05 1.2 1.2 0.08 1.4 5
-5.4 5.7 0.05 1.2 1.2 0.08 1.4 5
-1.9 -1.5 0.05 1.2 1.2 0.08 1.4 5
-2.8 5.6 0.05 1.2 1.2 0.08 1.4 5
8.7 1.0 0.05 1.2 1.2 0.08 1.4 5
-1.9 4.3 0.05 1.2 1.2 0.08 1.4 5
-4.6 2.7 0.05 1.2 1.2 0.08 1.4 5
-0.7 -1.5 0.05 1.2 1.2 0.08 1.4 5
7.5 3.1 0.05 1.2 1.2 0.08 1.4 5
-6.6 6.2 0.05 1.2 1.2 0.08 1.4 5
0.9 -0.1 0.05 1.2 1.2 0.08 1.4 5