7.1 5.4 0.05 0.08 0.08 0.08 0.002 1
-2.5 -2.9 0.05 0.08 0.08 0.08 0.002 1
4.9 3.4 0.05 0.08 0.08 0.08 0.002 1
2.5 -2.8 0.05 0.08 0.08 0.08 0.002 1
-2.7 9.3 0.05 0.08 0.08 0.08 0.002 1
-9.0 6.6 0.05 0.5 0.5 0.08 0.8 2
-7.2 6.2 0.05 0.5 0.5 0.08 0.8 2
-0.2 -3.2 0.05 0.5 0.5 0.08 0.8 2
-9.3 -4.4 0.05 0.5 0.5 0.08 0.8 2
-3.7 0.7 0.05 0.5 0.5 0.08 0.8 2
-7.1 -1.6 0.05 0.8 0.8 0.08 1 3
-9.4 -1.8 0.05 0.8 0.8 0.08 1 3
7.3 3.9 0.05 0.8 0.8 0.08 1 3
-0.2 7.9 0.05 0.8 0.8 0.08 1 3
-1.8 -0.5 0.05 0.8 0.8 0.08 1 3
1.1 8.8 0.05 1 1 0.08 1.2 4
-1.6 8.8 0.05 1 1 0.08 1.2 4
4.5 2.3 0.05 1 1 0.08 1.2 4
-2.7 -7.3 0.05 1 1 0.08 1.2 4
-5.8 8.8 0.05 1 1 0.08 1.2 4
6.0 8.0 0.05 1.2 1.2 0.08 1.4 5
-6.1 1.6 0.05 1.2 1.2 0.08 1.4 5
-7.1 8.5 0.05 1.2 1.2 0.08 1.4 5
-0.7 -1.8 0.05 1.2 1.2 0.08 1.4 5
-8.6 2.2 0.05 1.2 1.2 0.08 1.4 5
1.0 1.8 0.05 1.2 1.2 0.08 1.4 5
1.2 5.5 0.05 1.2 1.2 0.08 1.4 5
4.2 -1.6 0.05 1.2 1.2 0.08 1.4 5
-2.6 7.6 0.05 1.2 1.2 0.08 1.4 5
-5.4 -3.9 0.05 1.2 1.2 0.08 1.4 5
9.0 -3.2 0.05 1.2 1.2 0.08 1.4 5
7.4 7.3 0.05 1.2 1.2 0.08 1.4 5
1.0 -3.4 0.05 1.2 1.2 0.08 1.4 5
5.0 5.3 0.05 1.2 1.2 0.08 1.4 5
-2.0 4.1 0.05 1.2 1.2 0.08 1.4 5
6.1 -4.8 0.05 1.2 1.2 0.08 1.4 5
1.7 7.6 0.05 1.2 1.2 0.08 1.4 5
8.1 -6.8 0.05 1.2 1.2 0.08 1.4 5
9.0 -0.7 0.05 1.2 1.2 0.08 1.4 5
-0.8 2.6 0.05 1.2 1.2 0.08 1.4 5
6.7 -1.1 0.05 1.2 1.2 0.08 1.4 5
3.0 9.1 0.05 1.2 1.2 0.08 1.4 5
-4.9 5.6 0.05 1.2 1.2 0.08 1.4 5
8.5 1.1 0.05 1.2 1.2 0.08 1.4 5
-9.1 8.3 0.05 1.2 1.2 0.08 1.4 5
3.1 -7.0 0.05 1.2 1.2 0.08 1.4 5
1.6 3.7 0.05 1.2 1.2 0.08 1.4 5
3.0 -0.8 0.05 1.2 1.2 0.08 1.4 5
-1.0 5.7 0.05 1.2 1.2 0.08 1.4 5
-0.2 4.1 0.05 1.2 1.2 0.08 1.4 5