-0.2 -0.3 0.05 0.08 0.08 0.08 0.4 1
1.0 4.7 0.05 0.08 0.08 0.08 0.4 1
-5.6 4.1 0.05 0.08 0.08 0.08 0.4 1
-5.2 5.5 0.05 0.08 0.08 0.08 0.4 1
2.2 0.2 0.05 0.08 0.08 0.08 0.4 1
7.2 -0.3 0.05 0.5 0.5 0.08 0.8 2
-2.0 0.1 0.05 0.5 0.5 0.08 0.8 2
6.5 5.8 0.05 0.5 0.5 0.08 0.8 2
-4.8 0.7 0.05 0.5 0.5 0.08 0.8 2
-5.1 -0.9 0.05 0.5 0.5 0.08 0.8 2
-2.0 5.7 0.05 0.8 0.8 0.08 1 3
6.3 -1.8 0.05 0.8 0.8 0.08 1 3
2.9 4.5 0.05 0.8 0.8 0.08 1 3
3.0 7.4 0.05 0.8 0.8 0.08 1 3
-0.7 3.4 0.05 0.8 0.8 0.08 1 3
-6.2 5.9 0.05 1 1 0.08 1.2 4
-0.5 4.6 0.05 1 1 0.08 1.2 4
-3.7 -3.4 0.05 1 1 0.08 1.2 4
-8.7 5.7 0.05 1 1 0.08 1.2 4
-7.6 -0.1 0.05 1 1 0.08 1.2 4
-1.5 7.2 0.05 1.2 1.2 0.08 1.4 5
-1.3 -6.8 0.05 1.2 1.2 0.08 1.4 5
4.2 -3.1 0.05 1.2 1.2 0.08 1.4 5
-1.3 1.4 0.05 1.2 1.2 0.08 1.4 5
-7.2 4.7 0.05 1.2 1.2 0.08 1.4 5
5.1 7.5 0.05 1.2 1.2 0.08 1.4 5
5.3 -7.0 0.05 1.2 1.2 0.08 1.4 5
-7.8 -1.3 0.05 1.2 1.2 0.08 1.4 5
-5.8 -6.9 0.05 1.2 1.2 0.08 1.4 5
1.6 -5.9 0.05 1.2 1.2 0.08 1.4 5
-3.4 5.3 0.05 1.2 1.2 0.08 1.4 5
1.2 -2.3 0.05 1.2 1.2 0.08 1.4 5
4.0 2.3 0.05 1.2 1.2 0.08 1.4 5
-8.5 -4.8 0.05 1.2 1.2 0.08 1.4 5
-8.3 -7.2 0.05 1.2 1.2 0.08 1.4 5
-1.8 2.9 0.05 1.2 1.2 0.08 1.4 5
1.0 -4.1 0.05 1.2 1.2 0.08 1.4 5
6.3 7.6 0.05 1.2 1.2 0.08 1.4 5
2.9 -1.6 0.05 1.2 1.2 0.08 1.4 5
-6.4 -0.3 0.05 1.2 1.2 0.08 1.4 5
-6.8 -5.2 0.05 1.2 1.2 0.08 1.4 5
-8.2 8.6 0.05 1.2 1.2 0.08 1.4 5
8.5 5.9 0.05 1.2 1.2 0.08 1.4 5
7.9 -7.3 0.05 1.2 1.2 0.08 1.4 5
7.4 2.3 0.05 1.2 1.2 0.08 1.4 5
-0.5 8.5 0.05 1.2 1.2 0.08 1.4 5
-3.5 -0.3 0.05 1.2 1.2 0.08 1.4 5
-7.4 6.6 0.05 1.2 1.2 0.08 1.4 5
9.0 -0.6 0.05 1.2 1.2 0.08 1.4 5
8.9 0.7 0.05 1.2 1.2 0.08 1.4 5