5.7 6.9 0.05 0.15 0.15 0.08 5.56 1
-0.4 8.2 0.05 0.15 0.15 0.08 5.56 1
-0.1 1.3 0.05 0.15 0.15 0.08 5.56 1
-5.2 6.8 0.05 0.15 0.15 0.08 5.56 1
-5.3 3.2 0.05 0.15 0.15 0.08 5.56 1
0.8 9.5 0.05 0.5 0.5 0.08 1.2 2
0.8 -6.6 0.05 0.5 0.5 0.08 1.2 2
5.6 -4.9 0.05 0.5 0.5 0.08 1.2 2
8.4 -0.1 0.05 0.5 0.5 0.08 1.2 2
-8.5 7.7 0.05 0.5 0.5 0.08 1.2 2
7.5 -3.2 0.05 0.8 0.8 0.08 1.4 3
-9.5 2.7 0.05 0.8 0.8 0.08 1.4 3
5.9 5.1 0.05 0.8 0.8 0.08 1.4 3
-6.6 1.0 0.05 0.8 0.8 0.08 1.4 3
-4.1 -3.1 0.05 0.8 0.8 0.08 1.4 3
7.1 5.3 0.05 1 1 0.08 1.6 4
9.3 -6.2 0.05 1 1 0.08 1.6 4
-7.5 3.3 0.05 1 1 0.08 1.6 4
-2.2 5.2 0.05 1 1 0.08 1.6 4
-3.2 9.4 0.05 1 1 0.08 1.6 4
5.9 -6.9 0.05 1.2 1.2 0.08 1.8 5
2.4 -4.8 0.05 1.2 1.2 0.08 1.8 5
8.3 7.8 0.05 1.2 1.2 0.08 1.8 5
-6.7 -5.0 0.05 1.2 1.2 0.08 1.8 5
-5.3 -1.5 0.05 1.2 1.2 0.08 1.8 5
6.3 -2.8 0.05 1.2 1.2 0.08 1.8 5
3.8 2.2 0.05 1.2 1.2 0.08 1.8 5
-1.9 8.4 0.05 1.2 1.2 0.08 1.8 5
6.4 8.9 0.05 1.2 1.2 0.08 1.8 5
8.4 6.3 0.05 1.2 1.2 0.08 1.8 5
-1.1 -5.6 0.05 1.2 1.2 0.08 1.8 5
-8.5 -6.0 0.05 1.2 1.2 0.08 1.8 5
1.7 -2.5 0.05 1.2 1.2 0.08 1.8 5
-5.5 8.2 0.05 1.2 1.2 0.08 1.8 5
-8.9 -4.4 0.05 1.2 1.2 0.08 1.8 5
6.9 2.0 0.05 1.2 1.2 0.08 1.8 5
-6.8 8.7 0.05 1.2 1.2 0.08 1.8 5
-5.6 -6.9 0.05 1.2 1.2 0.08 1.8 5
-6.9 -6.2 0.05 1.2 1.2 0.08 1.8 5
-3.4 -6.5 0.05 1.2 1.2 0.08 1.8 5
-5.0 -4.3 0.05 1.2 1.2 0.08 1.8 5
-8.2 4.4 0.05 1.2 1.2 0.08 1.8 5
9.1 4.6 0.05 1.2 1.2 0.08 1.8 5
2.4 0.8 0.05 1.2 1.2 0.08 1.8 5
-2.0 -1.6 0.05 1.2 1.2 0.08 1.8 5
7.1 -5.3 0.05 1.2 1.2 0.08 1.8 5
0.4 -2.2 0.05 1.2 1.2 0.08 1.8 5
-4.7 5.5 0.05 1.2 1.2 0.08 1.8 5
7.1 7.5 0.05 1.2 1.2 0.08 1.8 5
1.6 5.0 0.05 1.2 1.2 0.08 1.8 5