-4.3 -5.6 0.05 0.1 0.1 0.08 1.4 1
6.6 8.1 0.05 0.1 0.1 0.08 1.4 1
-5.2 -4.1 0.05 0.1 0.1 0.08 1.4 1
-4.7 7.6 0.05 0.1 0.1 0.08 1.4 1
-7.3 9.1 0.05 0.1 0.1 0.08 1.4 1
-9.3 6.7 0.05 0.5 0.5 0.08 0.8 2
-6.7 6.4 0.05 0.5 0.5 0.08 0.8 2
2.0 1.1 0.05 0.5 0.5 0.08 0.8 2
8.0 8.5 0.05 0.5 0.5 0.08 0.8 2
-7.5 3.7 0.05 0.5 0.5 0.08 0.8 2
8.3 -6.3 0.05 0.8 0.8 0.08 1 3
-6.0 -6.7 0.05 0.8 0.8 0.08 1 3
8.6 2.1 0.05 0.8 0.8 0.08 1 3
-1.0 -2.7 0.05 0.8 0.8 0.08 1 3
2.1 3.9 0.05 0.8 0.8 0.08 1 3
-3.1 5.4 0.05 1 1 0.08 1.2 4
-1.3 2.3 0.05 1 1 0.08 1.2 4
-6.4 8.0 0.05 1 1 0.08 1.2 4
-6.5 4.6 0.05 1 1 0.08 1.2 4
-8.6 -2.8 0.05 1 1 0.08 1.2 4
-0.3 3.5 0.05 1.2 1.2 0.08 1.4 5
-4.2 4.1 0.05 1.2 1.2 0.08 1.4 5
-4.4 -1.7 0.05 1.2 1.2 0.08 1.4 5
4.2 3.7 0.05 1.2 1.2 0.08 1.4 5
7.9 -2.4 0.05 1.2 1.2 0.08 1.4 5
-1.8 -4.1 0.05 1.2 1.2 0.08 1.4 5
8.0 0.4 0.05 1.2 1.2 0.08 1.4 5
6.6 -5.8 0.05 1.2 1.2 0.08 1.4 5
-8.3 -0.3 0.05 1.2 1.2 0.08 1.4 5
5.6 -3.7 0.05 1.2 1.2 0.08 1.4 5
-3.0 -3.3 0.05 1.2 1.2 0.08 1.4 5
5.9 4.7 0.05 1.2 1.2 0.08 1.4 5
-5.9 -1.4 0.05 1.2 1.2 0.08 1.4 5
4.3 2.5 0.05 1.2 1.2 0.08 1.4 5
-4.8 -0.4 0.05 1.2 1.2 0.08 1.4 5
2.8 -2.4 0.05 1.2 1.2 0.08 1.4 5
6.1 -0.5 0.05 1.2 1.2 0.08 1.4 5
0.6 -3.2 0.05 1.2 1.2 0.08 1.4 5
-1.7 7.8 0.05 1.2 1.2 0.08 1.4 5
1.1 -1.8 0.05 1.2 1.2 0.08 1.4 5
3.5 9.1 0.05 1.2 1.2 0.08 1.4 5
3.2 -3.9 0.05 1.2 1.2 0.08 1.4 5
-2.6 2.6 0.05 1.2 1.2 0.08 1.4 5
-3.6 1.1 0.05 1.2 1.2 0.08 1.4 5
-2.1 -6.3 0.05 1.2 1.2 0.08 1.4 5
-0.3 4.8 0.05 1.2 1.2 0.08 1.4 5
-2.6 3.8 0.05 1.2 1.2 0.08 1.4 5
6.9 6.1 0.05 1.2 1.2 0.08 1.4 5
4.0 -7.2 0.05 1.2 1.2 0.08 1.4 5
4.7 -4.9 0.05 1.2 1.2 0.08 1.4 5